This is the correlation coefficient matrix for subject 46

| 1.000000 | 0.393127 | -0.253620 | -0.360515 | 0.707675 | 0.472652 | -0.627679 | -0.062033 | 0.843748 | 0.951979 | -0.911318 | 0.518935 | -0.547319 | 0.851795 | 0.791623 | -0.895631 | -0.752155 | -0.541923 | 0.808121 | 0.910547 | 0.629129 | -0.656418 | -0.137099 | -0.777775 | -0.167041 | -0.885898 | 0.363949 | -0.039822 | -0.538166 | -0.494406 |
| 0.366077 | 1.000000 | 0.834457 | 0.680202 | -0.895457 | -0.064729 | 0.076838 | -0.608107 | -0.781897 | -0.861149 | -0.731947 | -0.551703 | 0.436807 | 0.474254 | -0.783459 | -0.650228 | 0.792038 | -0.542937 | 0.869440 | 0.490368 | -0.843304 | -0.303133 | 0.522517 | -0.744506 | -0.367761 | 0.923047 | -0.394656 | 0.512655 | 0.498149 | -0.565636 |
| 0.876378 | 0.712573 | 1.000000 | -0.746872 | -0.710689 | 0.266491 | 0.540573 | 0.596187 | -0.408989 | -0.169846 | -0.840910 | -0.710739 | 0.623138 | -0.283462 | 0.530049 | -0.813224 | -0.076784 | -0.532724 | 0.352859 | 0.665228 | -0.917009 | -0.117693 | 0.281086 | 0.108185 | -0.036003 | -0.752017 | 0.187582 | -0.030806 | 0.481594 | -0.189657 |
| 0.479876 | 0.902541 | -0.571012 | 1.000000 | 0.092645 | 0.341969 | -0.488935 | -0.608956 | -0.467924 | 0.375809 | -0.719463 | -0.587883 | 0.294694 | 0.420599 | -0.700673 | 0.232019 | -0.526883 | 0.522183 | -0.870526 | -0.900805 | -0.870111 | -0.076158 | 0.201735 | -0.809273 | 0.052138 | 0.816202 | -0.520202 | 0.372150 | 0.472411 | 0.210839 |
| 0.771023 | -0.867545 | -0.844998 | -0.710105 | 1.000000 | -0.367700 | -0.392209 | 0.565780 | 0.838289 | -0.275418 | -0.818969 | 0.430053 | -0.281950 | 0.688840 | 0.851715 | -0.366055 | -0.614122 | -0.522759 | 0.817904 | -0.874141 | -0.535681 | 0.408194 | 0.113953 | 0.417886 | 0.553759 | 0.787539 | -0.184157 | -0.456000 | -0.531357 | -0.263760 |
| 0.034335 | 0.872564 | -0.809329 | 0.588808 | 0.923595 | 1.000000 | -0.211946 | 0.496554 | 0.622312 | 0.149328 | 0.681814 | -0.622655 | 0.570687 | 0.857556 | 0.824117 | 0.619356 | 0.131335 | -0.466976 | -0.013582 | 0.909976 | -0.411766 | 0.254789 | 0.237581 | -0.707263 | 0.641754 | -0.910705 | 0.321738 | -0.431204 | -0.418112 | -0.154781 |
| 0.870289 | 0.765959 | 0.309718 | -0.466685 | -0.903116 | -0.538190 | 1.000000 | 0.598854 | -0.715184 | -0.498595 | 0.820308 | -0.788183 | 0.495656 | 0.120803 | 0.402152 | 0.884371 | -0.764246 | 0.085597 | 0.274843 | 0.814780 | -0.779512 | -0.251804 | -0.359275 | -0.606991 | -0.647514 | 0.584701 | 0.158285 | 0.247122 | 0.467554 | -0.467990 |
| 0.130131 | 0.477086 | -0.161829 | 0.559321 | 0.445534 | 0.282721 | 0.697009 | 1.000000 | -0.168357 | -0.755321 | 0.563573 | 0.123025 | -0.198013 | -0.703917 | 0.634638 | 0.202836 | 0.425720 | 0.335212 | 0.794388 | 0.512154 | 0.139426 | 0.020344 | -0.434282 | 0.726325 | -0.482982 | 0.503244 | -0.177763 | -0.419106 | -0.292906 | -0.244160 |
| 0.566077 | -0.744744 | 0.723793 | 0.959211 | 0.719444 | 0.862763 | 0.582209 | -0.636837 | 1.000000 | 0.752105 | 0.791851 | 0.393991 | -0.413695 | -0.854893 | 0.833846 | -0.235349 | -0.571111 | 0.268203 | 0.462454 | -0.480960 | 0.784623 | -0.554873 | -0.054236 | 0.024799 | -0.124745 | -0.059043 | -0.247918 | 0.379780 | -0.303387 | -0.276535 |
| -0.454610 | 0.958549 | 0.879499 | -0.378858 | 0.907474 | 0.692497 | -0.709233 | 0.466499 | -0.742141 | 1.000000 | -0.761199 | -0.693150 | -0.554182 | 0.426867 | -0.150007 | -0.865790 | 0.695461 | 0.489313 | -0.835983 | 0.733726 | 0.230819 | 0.283179 | -0.146304 | -0.692271 | 0.647935 | -0.406637 | -0.283867 | 0.459177 | -0.490786 | 0.356789 |
| 0.267353 | 0.803069 | 0.849444 | -0.830722 | 0.572025 | 0.825577 | 0.816902 | -0.473481 | -0.835901 | 0.947190 | 1.000000 | -0.624973 | 0.472235 | 0.673981 | 0.923303 | 0.420191 | 0.528602 | 0.359261 | -0.246351 | 0.855963 | -0.898565 | 0.121581 | 0.283674 | 0.839256 | -0.705909 | 0.941817 | 0.479266 | 0.194910 | 0.235827 | 0.157603 |
| 0.152841 | 0.020304 | 0.775662 | -0.545416 | 0.723827 | -0.437778 | -0.769070 | -0.266877 | -0.370458 | 0.785718 | -0.334048 | 1.000000 | 0.434001 | 0.771909 | 0.604180 | -0.750123 | 0.213603 | 0.177408 | -0.582586 | 0.715713 | 0.522484 | 0.123590 | 0.220751 | -0.729024 | -0.558560 | -0.849461 | 0.174705 | 0.162426 | 0.316868 | 0.082257 |
| 0.697619 | -0.004190 | -0.810184 | -0.470758 | 0.099079 | -0.198602 | 0.294232 | 0.110143 | -0.543257 | 0.263730 | -0.463362 | -0.172290 | 1.000000 | 0.494975 | -0.609020 | 0.208673 | -0.422648 | 0.476590 | -0.581992 | 0.128056 | 0.720893 | 0.149374 | 0.288184 | -0.646207 | -0.195085 | 0.294344 | 0.370065 | -0.405923 | 0.391048 | 0.444768 |
| 0.312837 | 0.531274 | -0.850077 | 0.579856 | -0.078802 | -0.710314 | -0.722005 | 0.425365 | 0.010582 | -0.430255 | 0.616491 | 0.650445 | -0.705468 | 1.000000 | 0.635492 | 0.846049 | -0.273526 | -0.627678 | -0.910628 | -0.187735 | 0.558335 | 0.054205 | 0.188542 | 0.914110 | -0.378642 | -0.784304 | -0.133527 | -0.208778 | -0.487610 | -0.347365 |
| -0.777951 | 0.045587 | 0.338934 | 0.866123 | -0.094193 | -0.933026 | 0.798304 | -0.340432 | 0.718377 | -0.229328 | -0.819603 | 0.365545 | 0.519676 | 0.819644 | 1.000000 | 0.690099 | -0.100085 | -0.357571 | 0.673662 | 0.738887 | -0.910461 | 0.131632 | -0.389823 | -0.700897 | 0.324321 | -0.075867 | -0.331620 | -0.229172 | -0.523301 | 0.196035 |
| -0.719407 | -0.543945 | 0.916730 | -0.828400 | 0.939138 | -0.867849 | 0.536487 | 0.549697 | -0.803523 | 0.784662 | -0.892528 | -0.291417 | -0.568632 | -0.545633 | 0.371672 | 1.000000 | -0.759937 | -0.536134 | 0.860746 | -0.750705 | 0.841659 | -0.141983 | -0.347407 | 0.799677 | 0.593617 | 0.706770 | 0.273692 | -0.530395 | -0.390235 | -0.223621 |
| 0.743907 | -0.422295 | -0.385271 | -0.006134 | 0.503554 | -0.741571 | 0.244953 | 0.491444 | -0.748672 | -0.197012 | 0.227227 | -0.593185 | 0.175400 | -0.067671 | -0.052857 | 0.706476 | 1.000000 | 0.344349 | 0.119453 | 0.694969 | -0.308092 | -0.364644 | -0.194953 | 0.524443 | 0.420319 | 0.427385 | -0.157731 | 0.122164 | -0.240851 | 0.163575 |
| 0.721863 | 0.659482 | -0.125267 | -0.012838 | 0.463117 | -0.533576 | 0.511102 | -0.018026 | 0.771574 | -0.001887 | -0.042892 | -0.346154 | 0.424575 | -0.506896 | 0.234862 | 0.403872 | 0.461710 | 1.000000 | 0.656661 | 0.646412 | -0.303882 | 0.038326 | -0.122864 | 0.655148 | 0.308438 | -0.595949 | -0.057721 | -0.068904 | 0.161052 | -0.164384 |
| -0.325142 | -0.924543 | -0.779904 | 0.674113 | 0.597372 | -0.455331 | 0.392313 | 0.156436 | -0.329492 | 0.698757 | -0.857699 | -0.485755 | 0.441799 | -0.664591 | 0.124846 | 0.506162 | 0.195364 | 0.460279 | 1.000000 | 0.898184 | 0.180889 | -0.272674 | 0.380827 | 0.912266 | 0.745420 | -0.868103 | 0.444750 | -0.178547 | 0.469659 | 0.475980 |
| 0.729909 | -0.832821 | -0.005116 | 0.677522 | 0.552939 | 0.898039 | 0.671988 | -0.566025 | 0.873197 | -0.025560 | 0.823431 | -0.731709 | -0.483112 | 0.510679 | -0.766161 | 0.148082 | 0.534364 | -0.449728 | -0.564146 | 1.000000 | 0.687330 | 0.419680 | -0.336994 | 0.849295 | -0.689838 | -0.907887 | 0.388944 | 0.541852 | 0.448827 | 0.398975 |
| -0.810343 | -0.766018 | 0.839411 | 0.649623 | -0.801260 | 0.229288 | 0.671870 | 0.383000 | 0.313556 | 0.649382 | 0.477524 | -0.256557 | 0.246769 | -0.821130 | -0.878985 | 0.884486 | 0.733836 | 0.524572 | -0.812574 | 0.143267 | 1.000000 | 0.401059 | -0.356698 | -0.687410 | -0.733997 | 0.769300 | -0.055785 | 0.258361 | 0.336592 | 0.257576 |
| -0.071221 | -0.240923 | 0.505495 | 0.114010 | -0.108334 | 0.186587 | 0.532209 | 0.078047 | 0.084892 | 0.080271 | 0.188010 | 0.006003 | 0.281430 | 0.653291 | 0.133026 | -0.058764 | 0.026163 | 0.033058 | -0.078551 | 0.361826 | -0.026858 | 1.000000 | 0.271946 | 0.097125 | -0.059450 | -0.022486 | -0.107835 | -0.180227 | 0.134183 | 0.237905 |
| 0.257626 | 0.238134 | -0.108859 | -0.434864 | -0.116438 | -0.193511 | 0.054699 | -0.168010 | -0.462096 | -0.329218 | -0.573955 | -0.379492 | 0.143830 | -0.044180 | -0.571976 | 0.022369 | 0.101754 | -0.550536 | -0.464251 | 0.034106 | 0.505162 | -0.390462 | 1.000000 | 0.152732 | 0.123182 | -0.331512 | 0.199544 | 0.326559 | 0.261425 | 0.119625 |
| -0.082000 | -0.493106 | 0.812250 | -0.871596 | 0.927103 | -0.892823 | 0.661867 | 0.591416 | -0.906529 | -0.875540 | 0.729229 | -0.185714 | -0.623004 | -0.921239 | -0.849852 | 0.798008 | -0.670472 | -0.598288 | 0.783588 | 0.812364 | 0.699809 | 0.089683 | -0.233046 | 1.000000 | 0.751514 | 0.795376 | -0.357926 | 0.392660 | 0.484701 | -0.393721 |
| -0.395700 | -0.763973 | -0.196754 | -0.138038 | 0.562810 | -0.606821 | 0.675817 | 0.250254 | -0.417226 | 0.596851 | -0.157640 | 0.557031 | -0.488364 | -0.792073 | 0.200299 | -0.701553 | -0.550141 | 0.242866 | -0.691982 | -0.715266 | 0.538683 | -0.362032 | -0.076640 | 0.681102 | 1.000000 | 0.440950 | 0.322338 | 0.430520 | 0.226345 | -0.156822 |
| -0.916646 | -0.818080 | -0.904137 | 0.816551 | -0.705562 | 0.863265 | 0.785277 | 0.617068 | 0.748517 | 0.324238 | 0.399517 | 0.286170 | 0.316774 | 0.842135 | 0.065852 | 0.827741 | -0.696352 | 0.469279 | -0.684633 | 0.222947 | 0.887293 | -0.387839 | 0.075155 | 0.825330 | 0.087782 | 1.000000 | 0.093391 | 0.209788 | -0.437091 | -0.347129 |
| -0.000571 | -0.125437 | -0.295000 | -0.037940 | -0.213757 | 0.140113 | -0.081691 | 0.104440 | -0.081358 | -0.337001 | -0.056108 | 0.522190 | -0.190545 | 0.028771 | 0.183410 | -0.448109 | 0.416753 | 0.047749 | -0.003231 | -0.179318 | 0.065366 | -0.939029 | 0.109298 | -0.072950 | 0.299906 | 0.079566 | 1.000000 | 0.110246 | -0.156342 | 0.561610 |
| 0.589860 | -0.671897 | -0.258535 | 0.012227 | -0.210332 | -0.700085 | -0.448028 | 0.121955 | 0.445959 | -0.446354 | 0.390796 | -0.015015 | -0.161612 | -0.121627 | 0.611734 | -0.430658 | -0.286491 | 0.202417 | -0.197438 | 0.212920 | 0.544617 | -0.070059 | -0.175914 | -0.081246 | -0.387961 | -0.565656 | -0.211690 | 1.000000 | 0.616281 | -0.179138 |
| 0.585688 | 0.304355 | 0.019356 | -0.209514 | -0.725604 | -0.053216 | 0.148187 | -0.267978 | -0.594798 | 0.153803 | 0.455916 | 0.216535 | 0.261901 | 0.148255 | -0.493719 | -0.470245 | 0.156720 | -0.152702 | 0.123316 | 0.071465 | -0.247300 | -0.103748 | -0.152609 | 0.006503 | 0.141857 | 0.058212 | -0.068645 | 0.311016 | 1.000000 | -0.481532 |
| -0.112619 | -0.058083 | 0.465604 | 0.129695 | 0.541534 | -0.389730 | 0.018877 | -0.348471 | 0.546262 | 0.250305 | 0.443632 | 0.271639 | 0.192348 | -0.533869 | 0.381150 | -0.158036 | 0.459254 | 0.127660 | 0.332298 | 0.120830 | -0.458103 | -0.154297 | 0.024011 | -0.297552 | -0.315940 | -0.290197 | 0.327464 | -0.485485 | -0.341258 | 1.000000 |
