This is the correlation coefficient matrix for subject 38

| 1.000000 | -0.601967 | -0.007722 | 0.730307 | 0.747877 | -0.494305 | -0.810072 | -0.219295 | -0.455938 | -0.265559 | -0.091470 | 0.433055 | 0.008676 | 0.080051 | 0.416952 | -0.379241 | -0.190120 | 0.181703 | 0.081511 | -0.146990 | 0.104584 | -0.132037 | 0.001383 | -0.220770 | -0.213530 | -0.285329 | 0.281863 | 0.310395 | -0.107137 | 0.327874 |
| 0.569852 | 1.000000 | 0.435106 | 0.585178 | 0.693427 | 0.612463 | 0.471386 | -0.047758 | -0.484182 | 0.316013 | -0.308547 | -0.422388 | -0.031751 | -0.174998 | -0.253078 | -0.460470 | -0.046062 | -0.032402 | -0.106276 | -0.046551 | 0.069006 | 0.075431 | -0.122689 | -0.104091 | -0.225310 | 0.068286 | 0.042616 | -0.286573 | -0.291226 | -0.272250 |
| 0.189665 | 0.338247 | 1.000000 | 0.296346 | -0.044035 | 0.370662 | -0.185226 | -0.348986 | -0.205375 | 0.003386 | 0.095178 | -0.158474 | -0.066427 | -0.076525 | 0.151548 | -0.190081 | 0.051704 | 0.006098 | 0.069813 | 0.287869 | 0.026752 | 0.020043 | 0.067518 | -0.037110 | -0.018408 | 0.014197 | 0.076704 | -0.071054 | -0.293944 | -0.201354 |
| 0.470447 | 0.055501 | -0.251697 | 1.000000 | -0.222518 | 0.393951 | 0.668819 | 0.114847 | -0.505379 | 0.232939 | 0.100174 | 0.415740 | 0.089951 | -0.133315 | 0.199726 | -0.055327 | -0.079253 | 0.227161 | 0.121032 | 0.074672 | -0.131734 | -0.081118 | 0.119802 | 0.300806 | -0.189076 | 0.348433 | -0.157921 | -0.195211 | 0.190706 | -0.056778 |
| 0.358356 | -0.396066 | -0.518749 | -0.039000 | 1.000000 | 0.350841 | -0.533151 | -0.224373 | -0.436852 | 0.647126 | -0.131537 | -0.565850 | -0.028268 | -0.205548 | 0.501249 | 0.364092 | 0.027028 | -0.196975 | -0.053874 | 0.120359 | -0.094591 | 0.128400 | 0.193063 | -0.238507 | -0.177157 | -0.173896 | -0.115448 | -0.237936 | 0.189347 | -0.035113 |
| 0.696787 | 0.484945 | 0.540001 | 0.101903 | 0.402306 | 1.000000 | 0.604160 | -0.000126 | -0.509597 | 0.443962 | 0.566245 | 0.013928 | -0.059575 | -0.091002 | 0.276643 | -0.319413 | -0.150449 | -0.092949 | -0.106703 | 0.009016 | 0.016488 | 0.080699 | -0.223868 | -0.308238 | 0.194860 | 0.097254 | 0.202616 | 0.268248 | 0.150251 | -0.296132 |
| -0.558432 | 0.441947 | -0.052650 | -0.569732 | -0.664495 | 0.072585 | 1.000000 | 0.289904 | -0.410192 | 0.477571 | 0.208756 | -0.710969 | 0.001940 | 0.243176 | -0.239190 | -0.001469 | 0.126282 | 0.065778 | -0.149328 | -0.029856 | -0.012061 | -0.200285 | -0.170586 | 0.251739 | -0.309005 | -0.119053 | -0.206626 | -0.235713 | -0.257969 | 0.194206 |
| -0.111452 | 0.140264 | 0.252949 | -0.334614 | -0.166107 | 0.108900 | -0.234383 | 1.000000 | 0.428517 | -0.101951 | 0.120625 | -0.335425 | 0.108838 | -0.244663 | -0.079610 | -0.109998 | 0.275176 | -0.130073 | -0.212439 | -0.047392 | 0.150441 | -0.032857 | -0.016996 | -0.043012 | -0.017217 | -0.113683 | 0.022529 | 0.089399 | 0.032730 | 0.182908 |
| 0.135339 | -0.489619 | -0.064078 | -0.561118 | 0.204795 | 0.625880 | -0.625506 | 0.294724 | 1.000000 | 0.217777 | -0.019265 | 0.337333 | 0.049413 | 0.219542 | -0.289599 | -0.143568 | -0.031698 | -0.132733 | -0.111152 | 0.003762 | -0.110368 | 0.197814 | 0.117302 | -0.073164 | 0.166502 | -0.170786 | 0.258378 | 0.152887 | 0.029478 | 0.129909 |
| 0.555590 | 0.417404 | 0.083415 | -0.048996 | -0.139404 | -0.552410 | -0.338123 | 0.082271 | -0.298444 | 1.000000 | 0.204355 | -0.281511 | 0.094405 | 0.069617 | 0.144041 | 0.000943 | -0.202591 | -0.038066 | 0.131855 | 0.029962 | -0.042436 | 0.053680 | 0.236393 | -0.200303 | 0.184436 | -0.202637 | 0.005478 | 0.383003 | 0.052133 | -0.310754 |
| 0.354439 | -0.332428 | 0.200119 | 0.512674 | -0.188134 | 0.366357 | -0.412185 | -0.188305 | -0.309984 | -0.680452 | 1.000000 | -0.121936 | 0.038281 | 0.090832 | 0.291723 | 0.440006 | 0.311531 | -0.110295 | 0.117187 | 0.176121 | 0.063205 | 0.283262 | -0.046441 | 0.099907 | -0.166607 | -0.184827 | -0.181111 | 0.343572 | -0.028130 | 0.238037 |
| -0.132033 | -0.700290 | -0.354455 | -0.036655 | -0.119978 | 0.606888 | 0.388268 | -0.078797 | -0.166985 | -0.411065 | 0.534421 | 1.000000 | 0.035659 | 0.019197 | 0.019489 | 0.487108 | -0.280114 | -0.023683 | -0.006821 | 0.015085 | -0.086888 | 0.159935 | -0.209729 | 0.132565 | -0.026083 | 0.023848 | -0.040803 | 0.169266 | -0.085724 | 0.231240 |
| 0.070874 | -0.038639 | 0.000819 | 0.059802 | -0.020336 | 0.104425 | 0.026225 | -0.088614 | 0.085533 | 0.069713 | 0.046516 | 0.025439 | 1.000000 | 0.146214 | 0.070789 | -0.103390 | -0.192833 | -0.131231 | 0.147215 | -0.012822 | 0.058678 | 0.180433 | 0.399323 | 0.087616 | -0.030293 | -0.037440 | 0.181313 | -0.289915 | -0.065565 | -0.111589 |
| 0.166072 | -0.137839 | 0.064460 | 0.211923 | -0.187383 | 0.030876 | -0.102138 | -0.282220 | 0.218591 | 0.003632 | 0.000567 | -0.186468 | -0.288654 | 1.000000 | 0.011158 | 0.040574 | -0.055742 | 0.096181 | -0.226206 | -0.003026 | -0.128891 | -0.130661 | 0.023899 | 0.130013 | -0.114264 | 0.045972 | -0.084502 | 0.032081 | -0.044174 | -0.030239 |
| 0.178264 | 0.272658 | 0.113201 | -0.052480 | -0.518007 | -0.005268 | -0.213423 | 0.023114 | -0.270518 | -0.613896 | -0.380288 | 0.106264 | 0.003345 | 0.087420 | 1.000000 | -0.229976 | 0.137561 | 0.119433 | 0.075345 | 0.397855 | 0.024487 | 0.004526 | -0.107411 | 0.109448 | -0.178850 | 0.129035 | -0.111413 | -0.256081 | 0.137957 | -0.236651 |
| -0.422051 | 0.099294 | 0.178385 | -0.082458 | 0.441815 | -0.564391 | 0.144814 | 0.181870 | 0.139600 | -0.036807 | 0.588973 | -0.175815 | 0.178656 | -0.058287 | -0.121244 | 1.000000 | 0.123794 | 0.069414 | -0.088092 | -0.013606 | 0.161662 | -0.030355 | -0.143981 | -0.084739 | -0.032262 | -0.056481 | 0.309350 | 0.054224 | 0.020115 | -0.076223 |
| -0.158347 | -0.178907 | -0.022443 | -0.025801 | 0.041788 | -0.106560 | -0.078779 | -0.078609 | 0.065714 | 0.108286 | -0.203201 | -0.197758 | 0.098193 | -0.069634 | -0.011230 | 0.189118 | 1.000000 | -0.097606 | -0.111159 | -0.107720 | 0.247080 | 0.362115 | 0.121604 | 0.021493 | -0.172968 | -0.068866 | -0.113054 | 0.032474 | -0.029027 | -0.174327 |
| -0.231806 | -0.013910 | -0.015023 | 0.069238 | -0.069862 | -0.189526 | -0.068232 | 0.006813 | -0.046063 | -0.063165 | 0.116959 | 0.202983 | 0.548339 | -0.179749 | 0.150010 | 0.063663 | 0.227477 | 1.000000 | 0.318938 | -0.101855 | -0.148940 | -0.037420 | 0.241180 | -0.174849 | 0.188655 | -0.102043 | 0.176277 | 0.326942 | -0.070783 | -0.329323 |
| 0.109768 | 0.001982 | -0.017832 | 0.075836 | 0.009117 | 0.001665 | -0.048902 | 0.085664 | -0.014283 | 0.016792 | 0.133190 | 0.149840 | 0.244390 | 0.174847 | 0.007478 | -0.038488 | -0.035865 | 0.468565 | 1.000000 | -0.002778 | 0.079048 | -0.107758 | 0.264286 | 0.373435 | -0.416557 | 0.274693 | 0.209500 | -0.188167 | 0.061556 | 0.211067 |
| -0.067570 | 0.027773 | -0.189380 | -0.000986 | -0.066060 | -0.149563 | 0.039392 | 0.086964 | 0.088105 | 0.171071 | -0.149045 | 0.024911 | 0.037135 | 0.022694 | -0.265189 | -0.075137 | -0.064879 | -0.044658 | -0.212622 | 1.000000 | -0.034405 | 0.152462 | 0.129778 | -0.180841 | -0.038085 | 0.004183 | -0.095232 | 0.074743 | 0.195121 | -0.069387 |
| -0.012930 | 0.047748 | 0.038079 | 0.129218 | 0.009356 | 0.042809 | -0.025410 | -0.014675 | 0.089324 | 0.003094 | -0.040473 | -0.124384 | 0.081282 | 0.043331 | -0.030183 | -0.281162 | -0.219704 | 0.156050 | -0.129835 | 0.004472 | 1.000000 | 0.175334 | -0.086251 | 0.027534 | -0.128956 | -0.091214 | -0.300714 | 0.012156 | -0.058435 | -0.159917 |
| -0.112194 | -0.022051 | -0.033523 | 0.036846 | 0.105135 | -0.020536 | 0.012854 | -0.220296 | 0.043475 | 0.049148 | -0.039654 | -0.116984 | -0.263797 | -0.110997 | -0.010622 | -0.098295 | 0.507125 | -0.130046 | 0.028527 | -0.070660 | -0.086538 | 1.000000 | -0.355640 | -0.175117 | -0.092914 | -0.094716 | -0.010567 | 0.142661 | -0.052662 | -0.290623 |
| -0.229220 | 0.119710 | -0.074027 | -0.025766 | 0.244224 | 0.262929 | 0.075530 | -0.028770 | 0.010117 | 0.194695 | -0.026544 | -0.032949 | 0.004638 | 0.050704 | -0.042196 | -0.043467 | -0.227628 | -0.450664 | -0.247348 | 0.116439 | 0.222940 | 0.047729 | 1.000000 | 0.312030 | 0.296153 | 0.256015 | 0.034017 | -0.560763 | 0.167458 | 0.344157 |
| 0.211970 | -0.168327 | -0.037689 | -0.203122 | 0.063525 | -0.024766 | -0.221778 | -0.058731 | 0.107132 | -0.156607 | 0.024733 | -0.109639 | 0.195136 | 0.072829 | -0.012367 | 0.045874 | 0.055018 | -0.042692 | 0.112222 | -0.043382 | 0.087941 | -0.165570 | 0.355506 | 1.000000 | 0.314977 | 0.258498 | 0.177951 | -0.298071 | 0.032687 | -0.285276 |
| 0.115730 | -0.199447 | 0.029614 | 0.430841 | 0.071472 | 0.050455 | -0.182824 | 0.027907 | 0.063122 | -0.337179 | -0.051691 | 0.069562 | -0.210310 | -0.019086 | -0.243412 | -0.066206 | 0.045922 | 0.066887 | -0.100352 | -0.074877 | 0.107153 | -0.214850 | -0.383509 | -0.472613 | 1.000000 | 0.124726 | 0.010785 | -0.351686 | -0.048195 | 0.000521 |
| -0.024524 | -0.087036 | -0.055709 | -0.088538 | -0.210101 | -0.252346 | 0.262861 | 0.091545 | 0.138990 | 0.242265 | -0.151993 | 0.025767 | 0.207265 | 0.067740 | -0.158060 | -0.160792 | 0.147020 | 0.162633 | -0.117132 | -0.059769 | -0.126647 | 0.155614 | -0.230004 | 0.115141 | 0.162007 | 1.000000 | 0.119091 | 0.168318 | -0.100020 | 0.171237 |
| 0.276073 | -0.108809 | -0.142246 | -0.154947 | -0.010040 | 0.033862 | -0.000472 | -0.219993 | 0.062443 | 0.079228 | -0.041297 | -0.022683 | -0.309795 | -0.072001 | -0.031741 | 0.125086 | 0.051062 | -0.168076 | 0.009964 | 0.057002 | 0.073214 | -0.245454 | 0.071083 | -0.295414 | -0.064722 | -0.301134 | 1.000000 | -0.150307 | -0.007696 | -0.003610 |
| -0.209514 | -0.401178 | -0.003694 | -0.065464 | -0.287417 | -0.380667 | 0.185142 | -0.050749 | -0.152952 | 0.273256 | -0.291333 | 0.289107 | 0.153207 | 0.045213 | -0.153495 | 0.280295 | -0.049922 | -0.307826 | 0.064829 | 0.095836 | 0.067206 | -0.108175 | -0.256993 | 0.229755 | 0.026766 | 0.293883 | 0.024362 | 1.000000 | 0.159621 | -0.230962 |
| 0.125689 | 0.057812 | 0.161031 | -0.053961 | 0.008658 | 0.031512 | 0.002141 | -0.141941 | 0.209136 | -0.054926 | 0.026537 | 0.130469 | 0.051209 | -0.085257 | 0.241278 | -0.050075 | 0.068329 | -0.126477 | -0.071374 | -0.190766 | -0.052662 | -0.070264 | -0.057405 | 0.104450 | 0.227776 | 0.099534 | 0.084842 | -0.129140 | 1.000000 | -0.002052 |
| -0.119906 | 0.452247 | 0.042629 | 0.268184 | 0.259882 | -0.382826 | 0.236423 | -0.101408 | -0.176542 | 0.049824 | 0.367774 | 0.088490 | 0.092525 | -0.084862 | -0.253637 | -0.154504 | 0.050134 | -0.100978 | 0.027830 | 0.056617 | -0.228466 | -0.169465 | 0.295156 | -0.206560 | 0.208637 | 0.386468 | 0.112327 | -0.240265 | -0.051994 | 1.000000 |
