This is the correlation coefficient matrix for subject 24

| 1.000000 | -0.047025 | -0.255310 | 0.563101 | 0.428573 | -0.053396 | 0.199420 | -0.123679 | -0.056843 | -0.275455 | 0.439077 | 0.355729 | 0.089319 | -0.218175 | -0.138735 | 0.049421 | -0.007471 | 0.094362 | 0.067382 | 0.085498 | 0.064648 | 0.012131 | -0.095901 | 0.092179 | -0.250642 | 0.120653 | 0.002583 | 0.053641 | -0.304417 | 0.185536 |
| 0.084856 | 1.000000 | 0.463307 | 0.147357 | 0.564725 | 0.456543 | -0.573363 | 0.271359 | 0.019166 | 0.314972 | 0.164581 | -0.051450 | -0.101546 | 0.198462 | 0.027770 | 0.044973 | -0.034159 | 0.049017 | 0.201897 | 0.042160 | 0.001546 | -0.056046 | -0.037299 | 0.042264 | -0.016390 | 0.081226 | 0.008587 | -0.015847 | -0.084631 | -0.106560 |
| -0.249028 | 0.512446 | 1.000000 | 0.173252 | 0.144130 | 0.279433 | -0.342338 | 0.308855 | 0.064610 | 0.359024 | 0.331277 | -0.036815 | -0.235261 | -0.013206 | -0.162924 | 0.195329 | -0.078355 | -0.078175 | -0.079446 | 0.133473 | 0.043636 | -0.148229 | 0.042390 | -0.102471 | -0.005699 | -0.123122 | 0.113732 | 0.134715 | -0.024607 | 0.084958 |
| -0.736125 | 0.571180 | 0.112560 | 1.000000 | 0.584891 | -0.528293 | 0.038724 | 0.281753 | 0.018559 | 0.385448 | -0.278097 | 0.439364 | 0.082551 | 0.147026 | -0.171399 | 0.006042 | 0.023786 | 0.031499 | 0.013135 | 0.005676 | 0.060386 | -0.060102 | 0.095466 | -0.024881 | 0.205750 | -0.157043 | -0.092410 | -0.044697 | 0.274766 | 0.034200 |
| 0.475682 | 0.664109 | -0.539653 | 0.488854 | 1.000000 | 0.807467 | 0.430883 | -0.198814 | 0.000290 | -0.160130 | -0.182941 | -0.525659 | 0.119906 | -0.166260 | -0.025588 | -0.038454 | 0.073071 | 0.074073 | 0.091206 | 0.302220 | 0.028719 | 0.115586 | 0.108579 | -0.000594 | 0.085893 | -0.012148 | 0.050938 | 0.015638 | -0.063493 | -0.000073 |
| 0.294482 | 0.468768 | -0.014276 | -0.519612 | -0.472160 | 1.000000 | 0.116155 | 0.232139 | 0.030935 | 0.302125 | 0.558589 | -0.353947 | -0.097909 | 0.006310 | -0.179663 | -0.036697 | 0.322286 | -0.011436 | -0.098769 | 0.084201 | -0.123684 | 0.018158 | 0.042620 | -0.025949 | -0.066837 | 0.009291 | 0.007580 | -0.121924 | 0.138175 | 0.044855 |
| -0.354725 | -0.549988 | -0.007469 | -0.077905 | -0.052702 | 0.481057 | 1.000000 | -0.342275 | 0.033807 | 0.320999 | 0.451164 | -0.489413 | 0.111238 | 0.026931 | 0.158515 | 0.028934 | 0.468949 | 0.158167 | 0.194347 | 0.047341 | -0.062879 | 0.086441 | 0.107646 | -0.042472 | 0.039934 | -0.098991 | 0.154010 | -0.178032 | -0.045435 | -0.129536 |
| -0.060102 | 0.172545 | -0.063674 | 0.158420 | -0.271087 | 0.234392 | 0.332025 | 1.000000 | -0.039434 | -0.023284 | -0.031162 | 0.156392 | 0.332002 | -0.065875 | -0.009763 | 0.165593 | -0.027131 | 0.574821 | 0.346387 | 0.158962 | 0.096260 | 0.384152 | 0.270933 | -0.150439 | -0.015574 | -0.111766 | 0.056062 | -0.046455 | 0.012075 | 0.232200 |
| 0.077988 | 0.011094 | -0.022100 | -0.004968 | 0.005505 | -0.046446 | 0.001033 | -0.064382 | 1.000000 | 0.039854 | -0.122023 | -0.002536 | -0.054012 | 0.007379 | -0.122547 | -0.050759 | -0.087164 | -0.016122 | 0.143298 | -0.047066 | 0.053701 | -0.009275 | 0.059731 | -0.036378 | -0.129005 | -0.106230 | -0.021859 | -0.009426 | -0.072021 | -0.027140 |
| 0.344442 | 0.143178 | -0.369992 | 0.191675 | -0.433936 | 0.491580 | -0.018744 | -0.077058 | -0.133498 | 1.000000 | 0.433429 | 0.298769 | 0.033220 | -0.137081 | 0.001612 | -0.208761 | -0.364294 | -0.035723 | -0.071268 | 0.066953 | -0.101725 | 0.234981 | -0.053920 | -0.145837 | 0.105247 | -0.210057 | 0.200208 | -0.163261 | 0.336776 | -0.126961 |
| -0.287288 | 0.257815 | -0.364591 | -0.496102 | 0.277024 | -0.360454 | 0.292460 | 0.092000 | 0.060249 | -0.400791 | 1.000000 | -0.375645 | -0.078490 | 0.028403 | 0.379970 | -0.241257 | -0.456060 | 0.026579 | -0.001312 | 0.059466 | 0.200312 | -0.155204 | 0.042121 | 0.039399 | 0.162253 | 0.145869 | 0.054017 | 0.093239 | 0.240407 | -0.059991 |
| -0.392421 | 0.298583 | 0.319268 | 0.325886 | 0.178318 | 0.233056 | -0.453835 | -0.369837 | -0.042624 | -0.261302 | 0.430262 | 1.000000 | 0.147068 | 0.123645 | 0.141316 | 0.130814 | -0.256762 | 0.023654 | -0.118492 | -0.014361 | 0.046207 | 0.044951 | 0.108813 | -0.058584 | 0.005210 | 0.094862 | -0.188651 | -0.150712 | 0.099770 | 0.183721 |
| -0.051817 | 0.082812 | 0.409498 | -0.064188 | -0.002497 | 0.137783 | 0.237264 | 0.371545 | 0.021780 | 0.044132 | 0.078312 | 0.122968 | 1.000000 | -0.342986 | -0.108746 | 0.042199 | 0.124530 | -0.577499 | 0.301480 | 0.010908 | -0.033516 | -0.305092 | -0.066482 | -0.088896 | 0.071353 | -0.236445 | -0.250672 | -0.087511 | 0.119029 | 0.310737 |
| 0.072867 | 0.179897 | 0.119360 | 0.017743 | 0.054849 | 0.000554 | 0.062113 | -0.454620 | 0.017134 | 0.134719 | 0.085325 | 0.112763 | -0.369973 | 1.000000 | -0.002792 | -0.143555 | -0.011063 | 0.035766 | -0.147989 | 0.004155 | -0.031930 | 0.240953 | -0.255286 | -0.111295 | 0.018440 | 0.240168 | 0.359259 | -0.023317 | -0.185991 | -0.239543 |
| -0.052890 | -0.041775 | -0.364710 | 0.187942 | 0.004092 | -0.031517 | 0.014010 | 0.079116 | 0.116919 | 0.171206 | -0.049196 | 0.113747 | -0.076420 | -0.067504 | 1.000000 | -0.418020 | 0.383431 | 0.070254 | 0.408115 | -0.011412 | -0.000517 | 0.159823 | -0.118821 | -0.003764 | -0.212804 | 0.040148 | -0.230088 | -0.088823 | -0.197559 | -0.044356 |
| -0.035266 | 0.152885 | -0.198148 | 0.039334 | 0.004738 | -0.085690 | -0.009692 | -0.356335 | -0.018640 | -0.160006 | -0.255386 | 0.069353 | 0.095899 | 0.178781 | -0.295144 | 1.000000 | -0.005920 | 0.105127 | -0.272517 | 0.276054 | -0.314943 | -0.422164 | 0.071022 | -0.073914 | -0.051883 | -0.074656 | -0.307786 | -0.099206 | 0.010837 | -0.214554 |
| -0.075027 | 0.000585 | 0.147362 | 0.003180 | -0.103558 | 0.060127 | 0.097132 | -0.060202 | 0.150112 | -0.312619 | -0.030597 | 0.182761 | 0.322754 | -0.171637 | -0.059668 | -0.117966 | 1.000000 | -0.032199 | -0.030495 | -0.074423 | 0.195989 | 0.127831 | -0.178222 | 0.038963 | -0.290984 | 0.010672 | 0.069857 | -0.083332 | -0.006172 | 0.103373 |
| -0.017585 | 0.055954 | 0.149837 | 0.164275 | 0.059284 | -0.076380 | -0.124089 | -0.165682 | 0.007813 | -0.015343 | 0.015505 | -0.035658 | -0.322025 | -0.178954 | -0.059746 | 0.119587 | 0.137472 | 1.000000 | 0.238356 | 0.114087 | -0.095300 | -0.157569 | 0.525917 | 0.321810 | 0.168361 | -0.092199 | 0.208413 | -0.114280 | -0.142017 | 0.046672 |
| -0.029463 | 0.082437 | 0.020386 | -0.154623 | 0.205112 | 0.169518 | -0.100096 | -0.487173 | 0.155980 | 0.019847 | 0.071741 | 0.226882 | -0.265353 | 0.293149 | 0.424506 | 0.358057 | -0.065053 | 0.409470 | 1.000000 | 0.186787 | -0.115725 | -0.056761 | 0.377710 | -0.195195 | -0.045509 | -0.075764 | -0.168044 | 0.108532 | 0.112520 | -0.008696 |
| 0.014722 | -0.013036 | -0.123535 | -0.065665 | 0.149564 | 0.205733 | -0.260707 | -0.064132 | -0.044685 | -0.210459 | 0.132085 | 0.165270 | -0.009801 | -0.075061 | 0.051412 | 0.094928 | -0.138307 | -0.126469 | -0.408016 | 1.000000 | 0.271471 | -0.037641 | -0.307065 | 0.020478 | 0.254461 | -0.095151 | -0.023426 | -0.287415 | 0.175409 | 0.125224 |
| 0.073017 | 0.058770 | 0.082481 | -0.011432 | 0.008917 | 0.087006 | 0.120459 | -0.079589 | -0.012425 | -0.106986 | 0.242246 | -0.227779 | -0.096159 | 0.027431 | -0.123015 | 0.506186 | -0.451571 | -0.029362 | -0.113890 | 0.156817 | 1.000000 | 0.100924 | -0.064242 | 0.210059 | 0.170171 | -0.061067 | -0.095794 | -0.311541 | 0.087296 | -0.140593 |
| -0.082914 | 0.018781 | 0.152296 | 0.134921 | -0.034495 | -0.052924 | 0.123638 | 0.366689 | 0.016969 | -0.216390 | -0.158334 | -0.023557 | -0.054230 | 0.324721 | -0.255089 | 0.392343 | -0.193872 | 0.235758 | -0.439597 | -0.180773 | -0.190572 | 1.000000 | 0.090859 | 0.089818 | -0.013481 | 0.464138 | 0.594979 | 0.095602 | -0.037004 | -0.381504 |
| -0.056092 | -0.093970 | 0.020884 | 0.006314 | 0.081957 | 0.157090 | -0.240131 | -0.216906 | -0.037355 | -0.046690 | 0.035720 | -0.071695 | 0.212236 | 0.240565 | -0.075415 | -0.037005 | -0.095688 | 0.154947 | 0.127402 | 0.184664 | 0.035558 | -0.084166 | 1.000000 | -0.441674 | -0.122588 | 0.144318 | -0.120008 | 0.443817 | -0.135216 | -0.266737 |
| 0.070091 | 0.157887 | -0.133783 | 0.024103 | -0.030351 | -0.008361 | -0.022628 | 0.127778 | -0.012674 | -0.077097 | 0.035349 | -0.043325 | 0.032436 | 0.032928 | -0.045607 | -0.007193 | -0.129564 | -0.038255 | -0.128087 | 0.155791 | 0.034180 | 0.057318 | -0.069440 | 1.000000 | 0.153096 | 0.084959 | -0.031074 | 0.012951 | 0.012186 | -0.112968 |
| -0.253139 | -0.028386 | 0.027392 | 0.001037 | 0.185623 | 0.124889 | 0.026374 | -0.100728 | 0.079875 | 0.006764 | -0.046036 | -0.008606 | 0.103932 | 0.029069 | -0.204575 | 0.076831 | -0.208149 | 0.028130 | 0.062284 | -0.103733 | -0.128132 | 0.013357 | 0.166425 | -0.156950 | 1.000000 | 0.061476 | -0.059263 | 0.132418 | 0.248100 | -0.270547 |
| -0.122430 | 0.073715 | 0.216841 | 0.177857 | 0.016866 | -0.092203 | 0.145539 | 0.111936 | -0.060448 | -0.305236 | -0.141424 | -0.105905 | -0.249169 | 0.256953 | -0.127408 | 0.287254 | -0.231270 | 0.228727 | -0.030733 | -0.089238 | 0.062683 | -0.222415 | -0.359146 | 0.022484 | -0.141362 | 1.000000 | -0.415854 | -0.315088 | 0.335753 | -0.050940 |
| 0.104781 | 0.019772 | 0.068861 | 0.075198 | -0.042237 | 0.032030 | 0.304029 | -0.047880 | -0.006621 | 0.268079 | -0.102885 | -0.196286 | 0.319061 | 0.125869 | -0.260906 | -0.317826 | -0.237434 | 0.270846 | 0.446908 | 0.088511 | -0.029920 | -0.132477 | 0.114482 | -0.110938 | 0.087286 | 0.633924 | 1.000000 | -0.080325 | -0.112531 | -0.273222 |
| -0.130157 | -0.133008 | -0.018280 | -0.008945 | -0.049032 | -0.001315 | 0.093703 | -0.116604 | -0.038502 | -0.021766 | 0.135630 | 0.091883 | -0.096699 | -0.048693 | -0.032090 | -0.058701 | 0.330551 | -0.177928 | 0.241386 | 0.269924 | -0.273561 | 0.119349 | 0.559054 | 0.343825 | -0.029305 | 0.041756 | 0.068397 | 1.000000 | -0.060166 | 0.468298 |
| 0.093135 | -0.216372 | 0.049174 | -0.214428 | -0.337919 | 0.174145 | 0.022971 | 0.067421 | 0.003046 | 0.209703 | 0.157433 | 0.123789 | 0.191918 | 0.133771 | -0.048889 | 0.034159 | -0.057189 | -0.153570 | -0.002749 | -0.088553 | -0.108891 | 0.351632 | 0.343365 | 0.015063 | 0.190710 | -0.103415 | 0.215556 | 0.017386 | 1.000000 | -0.225235 |
| 0.278958 | 0.081768 | -0.182200 | 0.022335 | -0.071752 | 0.076506 | -0.033289 | 0.157067 | -0.015051 | 0.125458 | -0.106297 | 0.137498 | 0.075710 | -0.226474 | -0.063689 | -0.205698 | -0.026853 | 0.228729 | 0.408971 | 0.182616 | 0.182852 | 0.362310 | 0.382270 | 0.220576 | 0.042498 | -0.025809 | 0.357739 | -0.230932 | 0.036111 | 1.000000 |
