This is the correlation coefficient matrix for subject 11

| 1.000000 | 0.233192 | 0.162643 | 0.509513 | 0.145526 | -0.312909 | -0.297464 | 0.132382 | 0.410522 | -0.318188 | -0.331292 | 0.107369 | -0.095627 | -0.145298 | 0.056286 | -0.069703 | 0.014743 | 0.031365 | 0.138189 | 0.139443 | -0.079743 | -0.054062 | 0.099312 | -0.177093 | 0.069109 | 0.065606 | -0.174798 | -0.008389 | -0.160358 | -0.127612 |
| -0.057219 | 1.000000 | -0.255804 | -0.650183 | -0.517845 | 0.472108 | -0.131243 | -0.011607 | -0.486145 | 0.233714 | -0.416552 | 0.073603 | -0.115726 | 0.010188 | 0.122353 | 0.130883 | 0.024503 | 0.056666 | 0.051149 | 0.111488 | 0.060231 | -0.009684 | -0.033964 | -0.160209 | -0.007909 | 0.129446 | -0.121404 | -0.125610 | 0.133883 | -0.228216 |
| 0.268986 | 0.680947 | 1.000000 | 0.550002 | -0.425061 | 0.480530 | -0.286784 | -0.260414 | 0.400410 | 0.465667 | -0.416713 | 0.073071 | 0.025824 | -0.138592 | 0.130694 | -0.030717 | 0.015145 | -0.041586 | -0.093339 | 0.039033 | -0.003207 | 0.047782 | 0.208104 | 0.137992 | -0.118286 | -0.152981 | -0.175936 | -0.055162 | -0.171852 | -0.128502 |
| -0.674869 | -0.306848 | 0.771892 | 1.000000 | -0.460800 | -0.302458 | -0.289892 | -0.021290 | -0.070406 | -0.420164 | -0.299816 | -0.116852 | 0.046868 | 0.101848 | -0.034856 | 0.125881 | 0.026097 | -0.052616 | -0.027143 | 0.062806 | 0.087957 | -0.007626 | -0.180353 | 0.072096 | -0.066533 | 0.181257 | -0.191369 | -0.033741 | 0.162494 | 0.220661 |
| -0.588554 | 0.023761 | -0.561655 | -0.525007 | 1.000000 | 0.459032 | -0.433089 | 0.008393 | -0.206904 | 0.189331 | -0.234152 | 0.187639 | 0.086206 | -0.114149 | -0.288823 | -0.167084 | 0.064712 | -0.039760 | 0.042003 | -0.092463 | 0.022528 | 0.003414 | 0.061501 | 0.166017 | 0.164808 | -0.139661 | -0.050885 | -0.151744 | -0.105672 | -0.057284 |
| -0.567801 | 0.588459 | -0.519212 | -0.420724 | -0.257199 | 1.000000 | -0.283704 | 0.272922 | 0.298337 | -0.086803 | 0.057017 | 0.142013 | -0.167066 | -0.124327 | -0.062541 | 0.232148 | -0.006531 | 0.055677 | 0.078505 | -0.097164 | -0.031866 | -0.023884 | -0.001880 | -0.097051 | -0.008179 | -0.097284 | 0.111938 | 0.046168 | 0.077570 | -0.174841 |
| 0.434507 | 0.229658 | -0.407945 | -0.241757 | -0.207144 | -0.102671 | 1.000000 | 0.093369 | -0.100245 | -0.309274 | 0.308760 | -0.325336 | -0.114458 | 0.364327 | 0.093918 | 0.195383 | -0.219076 | 0.021757 | 0.230774 | 0.238795 | 0.110837 | -0.241579 | 0.016401 | 0.103505 | -0.022460 | -0.028674 | 0.061668 | 0.115939 | -0.238019 | 0.017904 |
| -0.213759 | 0.203888 | 0.061136 | -0.065439 | -0.153536 | 0.181855 | 0.037980 | 1.000000 | -0.376563 | -0.279049 | -0.011769 | -0.237105 | 0.357228 | -0.372487 | -0.037636 | -0.115017 | -0.330251 | -0.327208 | 0.184401 | 0.278298 | 0.057088 | 0.037603 | -0.039721 | -0.056518 | -0.014193 | 0.158670 | 0.036595 | 0.167705 | -0.213851 | -0.048695 |
| 0.200489 | 0.355200 | -0.328515 | -0.484355 | -0.323841 | 0.226569 | 0.276640 | 0.122420 | 1.000000 | 0.078703 | 0.360779 | 0.233524 | 0.161480 | 0.381484 | 0.051358 | -0.274662 | -0.092482 | -0.144144 | 0.134781 | -0.102428 | 0.059605 | 0.058646 | -0.024474 | -0.138085 | -0.010994 | 0.014382 | -0.002497 | 0.100622 | -0.072723 | 0.023507 |
| -0.121353 | -0.271453 | 0.183305 | -0.513437 | -0.204654 | 0.206107 | -0.152998 | 0.198547 | -0.421630 | 1.000000 | -0.403469 | 0.238039 | -0.156771 | 0.382773 | -0.070603 | -0.335291 | 0.199373 | 0.132527 | -0.277695 | 0.424440 | 0.141194 | -0.208685 | 0.003283 | -0.006355 | 0.067175 | 0.135114 | -0.056889 | 0.085954 | 0.036361 | -0.029413 |
| 0.252704 | -0.321710 | 0.207896 | -0.426405 | 0.565023 | 0.084671 | 0.000138 | 0.113895 | 0.410066 | 0.483333 | 1.000000 | 0.325572 | 0.236180 | 0.198143 | -0.093349 | -0.159910 | 0.060115 | 0.056973 | 0.185886 | -0.001137 | 0.018058 | -0.074221 | -0.020949 | 0.111366 | 0.049276 | -0.080174 | -0.001442 | -0.089566 | 0.062933 | -0.046047 |
| -0.030743 | -0.024711 | -0.063571 | -0.102035 | 0.220041 | -0.275213 | -0.131976 | 0.041930 | 0.137220 | 0.248361 | 0.310109 | 1.000000 | 0.246349 | -0.234144 | 0.407407 | -0.186606 | 0.206432 | -0.074459 | -0.334292 | -0.070460 | -0.152068 | -0.365579 | -0.161131 | 0.215274 | -0.068597 | -0.056627 | -0.052764 | -0.221378 | 0.229148 | -0.187185 |
| 0.079147 | -0.118244 | -0.276312 | -0.180953 | -0.233619 | -0.267806 | -0.347555 | -0.314088 | 0.160318 | -0.051981 | -0.252558 | -0.297098 | 1.000000 | 0.452000 | -0.321506 | -0.140695 | -0.423304 | -0.135156 | -0.241898 | -0.182116 | 0.043863 | -0.406721 | -0.196390 | -0.017966 | 0.120401 | 0.093974 | 0.086352 | -0.373096 | 0.329436 | -0.092100 |
| 0.135133 | 0.005906 | -0.052103 | 0.136734 | -0.138594 | -0.100046 | -0.115378 | 0.127128 | 0.232583 | -0.482787 | -0.414774 | -0.251890 | -0.544983 | 1.000000 | 0.279256 | 0.032322 | -0.017418 | 0.107097 | 0.207354 | 0.117489 | 0.188563 | 0.316758 | 0.239106 | -0.144647 | -0.126500 | -0.131911 | -0.101322 | -0.243752 | 0.388942 | 0.246225 |
| 0.052382 | 0.050687 | 0.065094 | 0.063982 | 0.240217 | -0.072373 | 0.122554 | -0.125046 | 0.121527 | 0.139843 | -0.335865 | -0.373285 | -0.344006 | 0.223376 | 1.000000 | -0.224842 | -0.248493 | 0.198458 | 0.225432 | 0.084511 | 0.185719 | 0.350123 | -0.012920 | -0.190683 | 0.112014 | -0.135571 | -0.143016 | -0.338705 | 0.398775 | 0.088392 |
| -0.010084 | -0.113096 | -0.023854 | 0.076059 | -0.256307 | 0.353782 | -0.338757 | 0.197588 | 0.198012 | 0.387394 | -0.217896 | 0.102662 | 0.072509 | 0.067912 | -0.336937 | 1.000000 | 0.157199 | 0.306008 | 0.244441 | 0.174355 | 0.091870 | 0.151981 | -0.063686 | 0.172809 | -0.121026 | -0.210500 | 0.201071 | -0.090626 | -0.368562 | 0.174983 |
| 0.025853 | 0.002098 | 0.020492 | 0.013627 | -0.136636 | 0.085770 | 0.457843 | 0.083973 | -0.147118 | -0.072922 | -0.324841 | -0.626762 | -0.284287 | 0.052672 | 0.423253 | -0.139590 | 1.000000 | 0.323826 | 0.164690 | -0.204070 | 0.007634 | 0.377267 | -0.148783 | -0.063369 | -0.029150 | -0.017339 | 0.035132 | -0.300414 | 0.463139 | -0.094533 |
| 0.056630 | -0.055464 | 0.032790 | 0.075924 | 0.088609 | -0.048692 | -0.211833 | -0.370113 | -0.250659 | -0.175310 | 0.035824 | 0.212091 | -0.159263 | 0.123138 | -0.211580 | -0.193465 | -0.396017 | 1.000000 | 0.398902 | -0.226261 | 0.191784 | 0.318273 | 0.507358 | 0.214268 | -0.236237 | 0.018173 | 0.006755 | 0.369964 | 0.382592 | 0.129137 |
| 0.074722 | 0.017663 | 0.107816 | -0.095130 | 0.083135 | -0.118603 | -0.040785 | -0.241326 | 0.067111 | -0.131765 | -0.132366 | 0.370310 | -0.068767 | -0.160258 | -0.023049 | -0.327333 | -0.216212 | -0.051849 | 1.000000 | 0.486726 | 0.284134 | 0.318736 | -0.377746 | 0.272987 | -0.346249 | 0.026547 | -0.137339 | 0.583910 | -0.157250 | 0.037470 |
| 0.050815 | -0.154621 | -0.025333 | 0.042169 | -0.033837 | 0.120080 | -0.233701 | -0.346373 | -0.002805 | -0.432066 | 0.046711 | -0.218237 | 0.056135 | 0.275437 | -0.155156 | 0.238736 | 0.298077 | -0.292538 | -0.435794 | 1.000000 | 0.338357 | -0.010188 | -0.258368 | 0.227951 | -0.162613 | -0.018377 | 0.130093 | 0.095328 | -0.388276 | 0.245557 |
| 0.027703 | 0.098481 | -0.030968 | 0.021180 | -0.045775 | -0.022831 | -0.140384 | 0.138636 | -0.031599 | -0.002613 | -0.056216 | -0.020302 | -0.188107 | 0.076578 | 0.159635 | 0.221591 | -0.140498 | -0.006154 | 0.131834 | 0.541129 | 1.000000 | -0.259915 | 0.282035 | 0.246719 | 0.345968 | -0.281353 | -0.148181 | -0.235380 | 0.452862 | -0.289838 |
| -0.146212 | -0.070671 | -0.063167 | 0.050731 | 0.028281 | -0.061046 | 0.297519 | -0.336000 | 0.004620 | 0.156648 | 0.268879 | -0.345048 | -0.291139 | -0.223110 | 0.365125 | -0.457429 | -0.584567 | -0.322548 | 0.298236 | -0.385753 | 0.226573 | 1.000000 | -0.183217 | 0.085971 | -0.110267 | 0.053274 | -0.181573 | -0.524352 | -0.086522 | -0.073676 |
| 0.001724 | 0.098284 | 0.161086 | -0.116238 | -0.043085 | -0.054360 | -0.007823 | -0.063917 | -0.001992 | 0.033906 | -0.125510 | -0.173612 | 0.447772 | -0.107125 | -0.008489 | 0.103626 | -0.120817 | -0.006542 | 0.506412 | 0.068627 | -0.374292 | -0.125859 | 1.000000 | -0.318094 | -0.072800 | 0.348877 | -0.069847 | 0.224605 | -0.171011 | -0.220412 |
| 0.211899 | 0.066326 | 0.163001 | -0.010770 | -0.019482 | 0.017123 | 0.055893 | -0.001582 | 0.098238 | 0.026824 | 0.049111 | -0.278309 | -0.150893 | -0.056465 | -0.171162 | 0.194058 | -0.375788 | 0.523162 | 0.527414 | -0.130406 | -0.029236 | 0.148441 | 0.399903 | 1.000000 | -0.134314 | -0.253112 | -0.025381 | -0.211941 | 0.607896 | 0.178937 |
| -0.021734 | 0.120880 | -0.072571 | 0.001509 | -0.078655 | -0.008004 | -0.041240 | 0.002854 | 0.003103 | -0.015132 | 0.064790 | 0.031065 | -0.094409 | -0.053354 | -0.157743 | -0.115714 | -0.196250 | -0.023382 | 0.242244 | 0.078287 | 0.046781 | 0.124020 | -0.385464 | 0.230173 | 1.000000 | 0.336977 | -0.047683 | 0.188296 | -0.364777 | 0.461932 |
| -0.162665 | 0.022503 | -0.190087 | 0.076860 | -0.081247 | 0.046781 | 0.018340 | -0.039748 | 0.037919 | 0.185092 | 0.014763 | -0.080637 | 0.018216 | -0.093999 | -0.127085 | 0.131393 | 0.301129 | -0.121579 | 0.207900 | 0.032706 | 0.459884 | 0.171468 | -0.251517 | -0.033699 | -0.140749 | 1.000000 | 0.570263 | -0.226970 | 0.073019 | -0.260577 |
| 0.174132 | 0.123846 | 0.000137 | -0.128578 | 0.025307 | -0.013497 | -0.031359 | 0.023838 | -0.009911 | 0.031957 | -0.100925 | 0.039412 | -0.135052 | -0.040611 | 0.159998 | 0.275212 | 0.052776 | 0.081503 | 0.144137 | -0.108197 | 0.050833 | -0.432740 | 0.092787 | 0.097632 | -0.078769 | -0.162634 | 1.000000 | -0.275788 | -0.140969 | 0.425377 |
| -0.213650 | 0.033322 | 0.223158 | 0.127474 | 0.040048 | 0.033381 | 0.084606 | -0.121968 | -0.051799 | -0.038142 | -0.163314 | -0.376303 | 0.199364 | 0.344224 | 0.080364 | 0.119795 | -0.021725 | 0.428599 | -0.033103 | -0.371806 | 0.368605 | 0.227598 | -0.187602 | -0.500907 | -0.046729 | 0.044555 | 0.215090 | 1.000000 | 0.472971 | -0.094413 |
| -0.180455 | 0.085198 | 0.068298 | -0.116274 | -0.049099 | -0.057673 | -0.174938 | -0.042638 | -0.076414 | -0.003055 | 0.052160 | -0.418624 | 0.377266 | -0.155117 | -0.322316 | 0.286136 | -0.026443 | 0.217128 | 0.367335 | 0.342846 | 0.190958 | -0.429331 | -0.032268 | 0.149430 | 0.242133 | 0.391853 | -0.143457 | 0.462648 | 1.000000 | -0.122060 |
| 0.201210 | -0.059069 | -0.176441 | -0.154665 | 0.028970 | 0.113685 | 0.099734 | 0.145817 | 0.102135 | 0.077809 | 0.115321 | -0.102692 | 0.228133 | 0.221971 | 0.024325 | -0.120091 | -0.313295 | -0.418175 | 0.154788 | -0.275140 | -0.234513 | -0.101158 | 0.238272 | 0.056454 | 0.246473 | -0.220719 | 0.117866 | 0.214199 | -0.342246 | 1.000000 |
