This is the correlation coefficient matrix for subject 27

| 1.000000 | -0.603512 | 0.500168 | 0.244408 | -0.338403 | 0.449022 | -0.358668 | 0.002963 | 0.107085 | -0.637166 | -0.368286 | 0.123198 | 0.093561 | 0.091994 | -0.194643 | 0.025625 | 0.145381 | -0.148667 | -0.067790 | -0.010689 | -0.140589 | -0.015152 | 0.473246 | 0.397450 | -0.540636 | -0.074462 | -0.208762 | -0.662006 | -0.611949 | 0.084928 |
| 0.345502 | 1.000000 | -0.520619 | 0.249292 | 0.755373 | 0.647407 | -0.583424 | -0.032537 | 0.043671 | -0.461779 | 0.242728 | 0.372527 | 0.204211 | -0.011828 | -0.424334 | -0.078174 | 0.043523 | -0.222259 | -0.042264 | 0.102757 | 0.386594 | -0.298920 | -0.400161 | 0.258692 | 0.186822 | -0.300461 | -0.058403 | -0.481357 | 0.467853 | -0.239065 |
| 0.511556 | 0.041919 | 1.000000 | -0.780697 | -0.399179 | -0.504975 | -0.171908 | 0.057150 | 0.268420 | 0.460881 | 0.090962 | 0.191899 | 0.140823 | 0.363445 | -0.681692 | 0.048638 | 0.161338 | 0.071833 | -0.386169 | -0.298355 | 0.255868 | -0.058681 | -0.260394 | 0.111496 | -0.103627 | 0.204059 | 0.093557 | -0.148652 | 0.094881 | 0.430065 |
| -0.148705 | 0.547698 | -0.539089 | 1.000000 | -0.540482 | -0.365582 | 0.132824 | -0.262928 | -0.603572 | 0.023476 | 0.411496 | -0.036242 | -0.129794 | 0.127532 | 0.679062 | -0.301810 | 0.041933 | -0.118054 | 0.089781 | 0.299295 | -0.271773 | 0.024019 | 0.152986 | 0.041881 | 0.130327 | -0.062540 | 0.068208 | -0.400762 | -0.487286 | 0.462051 |
| 0.070020 | -0.799428 | 0.142909 | -0.355798 | 1.000000 | 0.699218 | -0.063014 | 0.081143 | 0.164511 | 0.271984 | -0.524430 | -0.493289 | 0.196410 | 0.081892 | -0.698147 | 0.111852 | -0.264999 | 0.061085 | 0.136362 | 0.051292 | -0.429508 | 0.430291 | 0.540156 | -0.034164 | -0.349562 | -0.265610 | 0.129706 | 0.464630 | -0.498921 | -0.347577 |
| 0.117725 | 0.113612 | 0.535114 | -0.028497 | 0.393802 | 1.000000 | -0.753278 | -0.042710 | 0.490819 | -0.649277 | 0.349629 | -0.298901 | 0.122858 | 0.436635 | -0.601626 | 0.569322 | 0.457977 | -0.196790 | -0.151971 | 0.019188 | 0.442297 | 0.250287 | -0.309364 | -0.098293 | -0.242055 | -0.345745 | 0.102348 | -0.245965 | 0.510710 | 0.080085 |
| 0.303874 | 0.374704 | -0.465307 | 0.351463 | -0.565043 | -0.720394 | 1.000000 | 0.113847 | -0.354145 | -0.559553 | -0.398694 | -0.611427 | 0.086604 | -0.441768 | -0.079658 | 0.352280 | 0.192732 | -0.135635 | -0.284080 | 0.125775 | -0.421555 | 0.290193 | 0.100409 | 0.326180 | 0.411313 | -0.215438 | -0.219278 | -0.241744 | -0.302772 | 0.005103 |
| 0.418191 | 0.092462 | 0.503404 | -0.119076 | -0.389941 | -0.265540 | 0.255996 | 1.000000 | 0.108823 | 0.281968 | 0.207954 | 0.028429 | -0.149202 | 0.223633 | -0.478660 | 0.227826 | -0.054510 | 0.024256 | 0.139952 | 0.043068 | 0.272246 | 0.155331 | 0.111873 | -0.116680 | -0.020549 | 0.144167 | -0.084296 | 0.134040 | 0.209625 | -0.069162 |
| 0.134590 | -0.394379 | 0.206029 | -0.663721 | 0.582035 | -0.597991 | 0.492105 | 0.083657 | 1.000000 | 0.340047 | -0.534127 | 0.520624 | -0.069033 | 0.087516 | -0.527698 | 0.433258 | 0.008875 | -0.115254 | -0.360033 | 0.224404 | -0.005008 | -0.052837 | 0.320933 | -0.138530 | 0.090166 | -0.081548 | -0.007779 | -0.422715 | -0.579652 | -0.613842 |
| -0.536792 | 0.447191 | -0.474348 | -0.086478 | -0.724535 | -0.587102 | -0.548176 | -0.003480 | 0.676866 | 1.000000 | -0.008399 | -0.473209 | 0.095613 | 0.111529 | 0.829620 | -0.202733 | -0.280514 | 0.243468 | 0.143009 | -0.162155 | 0.190318 | 0.322447 | 0.378830 | -0.086873 | -0.159389 | -0.069948 | -0.013517 | 0.523981 | 0.321718 | 0.152450 |
| 0.000156 | 0.368497 | -0.499602 | 0.302955 | -0.603297 | -0.472850 | -0.164209 | -0.204062 | -0.568467 | -0.558968 | 1.000000 | 0.308658 | 0.075626 | -0.167399 | -0.272667 | -0.391961 | -0.147025 | -0.087256 | 0.253132 | -0.381039 | -0.552998 | -0.472896 | -0.191020 | 0.167046 | -0.295911 | -0.239846 | 0.244039 | 0.091446 | 0.080325 | 0.228316 |
| -0.177707 | -0.549808 | -0.289373 | -0.367843 | -0.572963 | -0.098991 | 0.506357 | -0.024420 | 0.577327 | -0.455139 | -0.200586 | 1.000000 | -0.025413 | -0.011698 | -0.258570 | 0.421456 | -0.342814 | 0.151771 | 0.420959 | 0.378854 | -0.160816 | -0.299364 | 0.086116 | -0.169819 | 0.123760 | 0.053665 | -0.110339 | 0.177286 | -0.237461 | -0.110326 |
| -0.029267 | -0.334445 | -0.129378 | -0.073593 | 0.154580 | -0.186735 | 0.226682 | -0.131710 | -0.165683 | 0.011253 | 0.090408 | -0.146847 | 1.000000 | -0.307426 | -0.097937 | -0.164974 | 0.033277 | 0.091817 | -0.097271 | 0.044018 | 0.349822 | 0.041177 | 0.080590 | -0.069700 | 0.324024 | 0.084332 | 0.025343 | -0.113929 | 0.200849 | 0.153791 |
| -0.013506 | -0.133285 | 0.371942 | -0.252872 | -0.256093 | 0.234272 | 0.189209 | -0.471392 | 0.395791 | -0.026816 | 0.145485 | 0.218393 | 0.179922 | 1.000000 | -0.318119 | 0.373135 | -0.054218 | 0.337634 | 0.153636 | 0.226748 | -0.428975 | 0.310092 | -0.003119 | 0.599073 | 0.218953 | -0.014866 | -0.091694 | 0.057666 | -0.062838 | -0.073864 |
| 0.069749 | -0.552743 | 0.652182 | 0.685006 | 0.569607 | 0.642349 | -0.528091 | -0.069372 | 0.806717 | 0.836608 | -0.568112 | -0.336770 | -0.012209 | -0.375248 | 1.000000 | -0.388247 | 0.237489 | -0.191266 | -0.441607 | 0.441599 | -0.396828 | 0.341640 | 0.197000 | -0.169773 | 0.101460 | 0.303046 | 0.037504 | 0.461361 | 0.385040 | 0.604275 |
| -0.107588 | -0.274237 | -0.259981 | 0.256566 | 0.554503 | -0.544744 | 0.466552 | 0.228771 | -0.447751 | 0.441757 | -0.716820 | 0.539538 | -0.172112 | -0.442498 | -0.559140 | 1.000000 | 0.221177 | 0.196277 | 0.372707 | -0.325718 | -0.519192 | -0.545232 | -0.139701 | -0.087941 | 0.024772 | 0.111774 | -0.228302 | -0.171071 | 0.019681 | 0.000716 |
| 0.118862 | 0.218170 | 0.125795 | 0.105155 | -0.009848 | 0.554639 | -0.134994 | -0.026221 | 0.285565 | -0.341515 | 0.496604 | -0.458965 | -0.040340 | 0.157875 | -0.112277 | 0.312475 | 1.000000 | 0.142877 | 0.322174 | 0.004512 | 0.416604 | 0.448372 | 0.195103 | 0.052986 | -0.252956 | -0.081257 | -0.335012 | -0.181469 | -0.038840 | -0.201139 |
| 0.004098 | 0.444824 | 0.178204 | -0.085584 | -0.229333 | -0.282300 | 0.381231 | 0.404292 | 0.138214 | 0.216086 | -0.147662 | -0.198078 | 0.399421 | 0.116218 | 0.071155 | -0.226901 | 0.010387 | 1.000000 | 0.188677 | 0.176469 | 0.267618 | 0.325511 | -0.467715 | -0.007223 | 0.052798 | 0.151367 | 0.123450 | 0.133039 | -0.190344 | -0.212958 |
| -0.210900 | 0.032042 | 0.373054 | -0.005225 | 0.081117 | 0.006898 | 0.285512 | 0.134944 | 0.386591 | 0.181611 | -0.293245 | 0.144711 | -0.240389 | 0.361507 | -0.313740 | -0.119150 | -0.052625 | 0.132262 | 1.000000 | -0.835874 | 0.128292 | 0.309112 | 0.219701 | 0.419952 | -0.523091 | -0.197498 | -0.170522 | 0.027020 | -0.111084 | 0.120998 |
| -0.058062 | -0.017542 | -0.380490 | -0.307863 | -0.049077 | 0.169349 | -0.209592 | -0.002204 | 0.337303 | 0.205340 | -0.342376 | 0.130974 | 0.156385 | 0.340783 | 0.313277 | -0.299937 | 0.000899 | 0.237200 | -0.778097 | 1.000000 | 0.298874 | 0.245758 | -0.256782 | -0.671132 | -0.614593 | -0.274276 | -0.165209 | 0.113812 | -0.026592 | 0.008203 |
| -0.005970 | 0.182560 | -0.328164 | -0.133330 | 0.502188 | -0.400964 | 0.439156 | -0.145150 | -0.259172 | 0.369578 | -0.268768 | -0.519147 | -0.094434 | 0.129052 | 0.460550 | -0.310018 | -0.240240 | -0.073059 | -0.067080 | 0.451570 | 1.000000 | -0.142433 | -0.026295 | 0.229559 | -0.242276 | 0.135974 | 0.097197 | -0.069263 | 0.095474 | -0.019872 |
| -0.026102 | -0.001964 | -0.002324 | 0.062797 | 0.364143 | -0.352297 | -0.636129 | 0.233266 | 0.179421 | 0.022443 | -0.410252 | 0.311719 | 0.098598 | -0.176690 | -0.266680 | -0.239951 | 0.361887 | -0.079811 | 0.153935 | 0.409300 | -0.437199 | 1.000000 | -0.010538 | -0.048312 | 0.174584 | -0.222519 | 0.078630 | -0.012262 | -0.040126 | -0.073053 |
| 0.508139 | -0.411572 | 0.402585 | 0.079529 | 0.126384 | 0.593334 | -0.342081 | 0.015466 | 0.083074 | -0.185676 | -0.414308 | 0.328791 | -0.108521 | -0.121214 | 0.490634 | -0.017380 | -0.061237 | -0.431443 | -0.237199 | -0.051512 | -0.064914 | -0.049964 | 1.000000 | 0.579497 | 0.186740 | -0.486711 | 0.231577 | 0.378590 | 0.781811 | 0.233024 |
| 0.260327 | 0.089540 | -0.005986 | -0.083613 | -0.008371 | -0.002999 | 0.165761 | -0.162705 | 0.043380 | 0.032629 | 0.211302 | -0.015476 | 0.085806 | 0.227429 | 0.139075 | 0.301172 | -0.209581 | 0.359462 | -0.543623 | -0.648696 | 0.410279 | -0.301887 | 0.046230 | 1.000000 | 0.728036 | 0.029466 | 0.431312 | 0.377307 | 0.375162 | -0.335680 |
| 0.428217 | -0.142131 | -0.041984 | -0.024952 | 0.376549 | -0.342267 | 0.178639 | 0.162536 | -0.015084 | 0.384296 | -0.053142 | 0.038145 | 0.203559 | -0.219146 | -0.167214 | 0.097984 | 0.091453 | -0.369004 | -0.521830 | -0.497944 | -0.058456 | -0.014860 | -0.685402 | -0.373867 | 1.000000 | 0.379291 | -0.195544 | 0.250916 | 0.395209 | -0.132068 |
| -0.556592 | 0.269411 | 0.308152 | 0.149555 | -0.266422 | -0.362291 | 0.082510 | -0.175889 | 0.194327 | 0.493194 | -0.041896 | 0.290536 | 0.157377 | -0.290067 | -0.280653 | -0.250455 | -0.121964 | 0.085156 | 0.226426 | -0.019657 | -0.016110 | -0.071590 | 0.717110 | 0.001923 | -0.578347 | 1.000000 | 0.332896 | 0.441408 | 0.492908 | -0.744766 |
| -0.262233 | -0.097383 | -0.289001 | 0.073571 | -0.156264 | -0.286796 | 0.128142 | -0.099226 | -0.024139 | -0.029508 | 0.140628 | 0.349886 | -0.013102 | -0.235921 | 0.273420 | -0.316890 | -0.068144 | -0.014312 | 0.161023 | -0.308576 | -0.156272 | 0.036527 | 0.013729 | 0.178187 | -0.091029 | -0.365744 | 1.000000 | 0.039465 | -0.397461 | -0.219385 |
| 0.402921 | -0.323785 | 0.313863 | -0.480512 | 0.114308 | -0.422807 | 0.414515 | -0.214951 | -0.428364 | 0.469320 | -0.331644 | -0.187534 | -0.038289 | 0.041392 | -0.569552 | -0.143776 | 0.087105 | 0.063241 | 0.097235 | 0.097913 | 0.190282 | 0.039869 | -0.502313 | 0.157384 | 0.371267 | 0.665922 | 0.130037 | 1.000000 | -0.638803 | -0.581064 |
| 0.616903 | 0.396708 | -0.046936 | -0.251132 | 0.511816 | 0.231811 | 0.165340 | 0.004637 | 0.506108 | -0.447085 | -0.188793 | -0.142818 | 0.183921 | -0.102888 | -0.329254 | -0.222148 | -0.123546 | -0.229986 | -0.102967 | -0.180320 | 0.187770 | 0.067739 | -0.656188 | -0.048362 | -0.470019 | 0.276429 | -0.306665 | 0.539283 | 1.000000 | -0.755465 |
| -0.621038 | 0.218384 | -0.213522 | -0.506050 | 0.483839 | 0.091177 | 0.246862 | -0.049841 | -0.579605 | 0.591079 | -0.217003 | -0.054154 | 0.108963 | -0.145114 | 0.571769 | -0.139089 | 0.078992 | 0.219231 | 0.074563 | -0.305685 | -0.024726 | -0.111762 | -0.465375 | -0.461211 | -0.542604 | 0.608920 | -0.491188 | -0.135674 | -0.870275 | 1.000000 |
