This is the correlation coefficient matrix for subject 8

| 1.000000 | -0.733676 | -0.636480 | -0.712611 | 0.556724 | 0.464424 | 0.453525 | -0.200612 | -0.204028 | 0.167209 | 0.139082 | -0.099944 | -0.232949 | -0.313045 | 0.167840 | -0.010453 | -0.175946 | 0.259553 | 0.206951 | 0.198210 | 0.119873 | -0.123172 | 0.112422 | 0.047327 | 0.021615 | 0.101951 | -0.039556 | -0.053548 | -0.114230 | 0.028393 |
| -0.736225 | 1.000000 | -0.460513 | 0.598678 | 0.520612 | -0.660744 | -0.134266 | -0.095497 | -0.058783 | -0.208458 | -0.060257 | 0.151044 | 0.086811 | 0.123212 | 0.038966 | -0.016909 | -0.028155 | 0.012080 | -0.076414 | -0.120121 | -0.048115 | 0.014299 | -0.076057 | -0.134899 | -0.017973 | -0.112330 | 0.018631 | 0.036988 | -0.125495 | 0.076106 |
| 0.549226 | -0.627090 | 1.000000 | -0.325594 | -0.347643 | 0.408102 | -0.144227 | -0.277838 | -0.001377 | -0.206286 | 0.255064 | 0.460524 | -0.300628 | 0.174159 | -0.284623 | 0.112564 | 0.127957 | 0.143806 | -0.022044 | 0.234290 | 0.007107 | 0.196125 | 0.180687 | -0.003871 | -0.100468 | -0.231558 | 0.202722 | -0.224576 | 0.081556 | 0.134501 |
| -0.749175 | -0.628774 | 0.153461 | 1.000000 | -0.535214 | 0.519493 | -0.350024 | -0.188274 | -0.401751 | 0.115946 | 0.163773 | -0.064952 | 0.387222 | 0.247619 | 0.161885 | -0.369312 | -0.145217 | -0.263380 | -0.033153 | -0.332680 | 0.248434 | -0.142742 | -0.111982 | 0.304674 | -0.069248 | 0.204413 | -0.143432 | -0.112253 | 0.042553 | 0.047895 |
| 0.516417 | 0.473169 | -0.015364 | 0.282111 | 1.000000 | -0.422259 | 0.292876 | 0.268563 | -0.335358 | -0.238688 | 0.207859 | 0.245765 | -0.056149 | -0.060059 | 0.126135 | 0.192729 | -0.137035 | 0.219380 | 0.244377 | -0.067005 | 0.042364 | 0.199961 | -0.048530 | 0.119318 | 0.079279 | 0.238861 | 0.040312 | -0.011755 | 0.023869 | -0.063293 |
| -0.534974 | 0.582869 | -0.300860 | -0.318093 | 0.494841 | 1.000000 | -0.413760 | 0.157594 | -0.006119 | -0.320163 | -0.189138 | -0.579976 | -0.149109 | 0.314107 | -0.035487 | -0.023711 | 0.007296 | 0.089957 | -0.168866 | 0.119322 | 0.049268 | 0.377493 | -0.100049 | 0.071418 | -0.125284 | 0.014761 | 0.209801 | -0.125392 | -0.190870 | 0.051497 |
| 0.095969 | -0.221424 | 0.254767 | -0.574233 | -0.426639 | 0.474812 | 1.000000 | 0.369312 | -0.502579 | 0.400872 | 0.222783 | 0.454004 | 0.114374 | -0.442480 | 0.261673 | 0.469819 | 0.516088 | -0.113274 | 0.090642 | -0.318468 | -0.387128 | 0.259595 | 0.207935 | -0.192182 | 0.033673 | 0.166885 | -0.253309 | -0.073360 | 0.093719 | -0.263141 |
| -0.219237 | -0.159861 | 0.512330 | -0.484274 | 0.293969 | 0.206716 | 0.123366 | 1.000000 | 0.164529 | 0.346380 | 0.129362 | 0.436667 | -0.768477 | 0.487201 | 0.130564 | -0.376911 | 0.008119 | 0.099227 | 0.429701 | 0.120827 | -0.013753 | -0.159098 | 0.489964 | -0.055706 | -0.177208 | -0.115349 | -0.024011 | 0.085922 | -0.236093 | 0.003440 |
| 0.121718 | -0.213942 | 0.124185 | 0.300261 | 0.286584 | 0.327573 | -0.002575 | 0.225900 | 1.000000 | 0.634299 | -0.086968 | -0.176944 | 0.381494 | 0.472127 | -0.003126 | -0.029615 | -0.292010 | 0.093742 | -0.435445 | -0.596143 | 0.047018 | 0.221094 | -0.007213 | -0.341902 | 0.316576 | 0.160004 | 0.254939 | -0.192455 | -0.324766 | -0.147470 |
| 0.103299 | 0.029127 | 0.003167 | 0.219675 | -0.068183 | 0.045671 | 0.457624 | 0.134654 | 0.552459 | 1.000000 | -0.424265 | -0.027064 | 0.335138 | -0.423050 | -0.115217 | -0.551526 | 0.169373 | -0.147083 | 0.050757 | 0.388140 | 0.267197 | 0.221115 | -0.306414 | -0.179371 | 0.102819 | 0.371838 | -0.044720 | -0.055762 | -0.124871 | -0.052225 |
| -0.334564 | 0.222219 | -0.112525 | -0.293807 | -0.086403 | -0.086398 | 0.362773 | 0.315084 | 0.228445 | -0.220387 | 1.000000 | -0.048556 | -0.192975 | -0.122545 | -0.113109 | -0.164228 | 0.311882 | 0.017165 | 0.164933 | -0.233333 | -0.127616 | -0.132194 | 0.130916 | 0.113906 | -0.162228 | 0.144219 | -0.056452 | -0.038855 | 0.037583 | -0.072637 |
| -0.153943 | -0.311704 | 0.339279 | 0.461913 | 0.034904 | 0.426730 | 0.256785 | 0.112100 | 0.151432 | -0.238352 | 0.145182 | 1.000000 | -0.418386 | 0.343853 | -0.359798 | 0.200658 | 0.276906 | -0.417396 | -0.285053 | -0.003808 | 0.206548 | -0.183797 | 0.282854 | 0.265297 | 0.083436 | -0.169927 | -0.295020 | 0.283417 | 0.153166 | -0.077293 |
| -0.161833 | -0.159908 | 0.215142 | 0.446588 | 0.161995 | 0.303882 | -0.234529 | -0.144172 | 0.439339 | 0.098726 | -0.216813 | -0.461854 | 1.000000 | 0.500320 | -0.032086 | -0.413444 | -0.072573 | -0.258791 | -0.547793 | -0.108724 | -0.460915 | 0.234900 | 0.002568 | -0.187953 | 0.135634 | 0.056178 | -0.015601 | 0.066494 | -0.013557 | -0.398028 |
| -0.110029 | 0.010913 | 0.229872 | 0.225846 | -0.286079 | 0.143862 | -0.335832 | 0.183277 | 0.119470 | -0.531585 | 0.169467 | 0.051921 | -0.193611 | 1.000000 | 0.037908 | 0.494267 | 0.279720 | -0.075163 | -0.157186 | -0.290365 | 0.473951 | -0.022945 | 0.201379 | -0.103717 | -0.190020 | 0.295338 | -0.041432 | 0.003761 | 0.283474 | -0.133253 |
| -0.128543 | 0.011481 | 0.259039 | -0.390573 | -0.237367 | -0.370453 | -0.041203 | -0.214638 | 0.388597 | 0.272577 | 0.016226 | -0.462402 | -0.371596 | 0.268051 | 1.000000 | 0.342499 | 0.121921 | 0.178933 | -0.446689 | 0.300912 | 0.363342 | -0.226821 | -0.349442 | -0.338434 | 0.373680 | 0.076736 | 0.244880 | 0.197567 | 0.291742 | 0.071535 |
| -0.274939 | -0.176572 | -0.064182 | -0.366194 | 0.087331 | 0.424411 | 0.138478 | 0.061338 | 0.604951 | 0.007748 | -0.175970 | 0.254274 | 0.418073 | -0.264718 | 0.484745 | 1.000000 | 0.202066 | -0.160061 | 0.427582 | 0.531759 | 0.395695 | -0.448431 | -0.277827 | -0.307049 | 0.358593 | 0.443953 | -0.190187 | 0.367153 | 0.010346 | 0.165510 |
| 0.015454 | 0.091969 | -0.169335 | -0.277254 | 0.015159 | 0.239941 | 0.100432 | 0.027235 | -0.094919 | 0.296035 | -0.192147 | 0.347510 | -0.229429 | -0.304795 | 0.127579 | 0.083881 | 1.000000 | -0.015790 | 0.125996 | 0.292422 | -0.060195 | -0.364896 | 0.098215 | -0.083427 | -0.063709 | -0.336131 | -0.207455 | 0.204106 | -0.024131 | 0.069303 |
| -0.052070 | 0.082703 | 0.067229 | 0.047905 | -0.217623 | -0.115989 | 0.161129 | 0.159632 | 0.468742 | -0.012390 | 0.127143 | 0.240800 | -0.354270 | -0.036098 | 0.348006 | 0.151069 | -0.113407 | 1.000000 | 0.219996 | 0.155216 | -0.328267 | 0.172797 | -0.542261 | 0.279987 | -0.208618 | -0.207812 | -0.028476 | -0.316149 | -0.438536 | 0.014718 |
| 0.103093 | 0.048238 | 0.067948 | -0.309122 | 0.170001 | -0.109122 | -0.386602 | -0.350889 | -0.073937 | 0.080277 | -0.125216 | -0.204304 | 0.066976 | 0.202295 | -0.480467 | -0.330381 | -0.292900 | 0.365586 | 1.000000 | 0.505434 | -0.164703 | 0.216647 | 0.400812 | 0.282553 | -0.487287 | -0.186048 | -0.241525 | 0.489004 | -0.347980 | 0.039135 |
| -0.095595 | -0.098789 | -0.019211 | -0.289720 | -0.150575 | -0.307679 | 0.291509 | -0.149077 | 0.483810 | 0.523456 | 0.009341 | -0.345607 | -0.268992 | 0.266885 | -0.026898 | -0.123569 | 0.152622 | 0.155548 | 0.440827 | 1.000000 | -0.425612 | 0.399036 | 0.376622 | 0.386001 | -0.184896 | 0.488228 | 0.166458 | -0.039796 | 0.363873 | -0.119770 |
| 0.071244 | 0.085796 | -0.085520 | -0.049838 | -0.009800 | 0.032855 | 0.011143 | 0.232109 | -0.189665 | 0.211855 | 0.091382 | 0.026452 | 0.355636 | -0.027180 | 0.392455 | -0.048470 | -0.245022 | 0.397086 | 0.239990 | 0.482992 | 1.000000 | -0.521146 | 0.265881 | 0.199064 | -0.482096 | 0.252149 | -0.121895 | 0.430069 | 0.162397 | -0.349897 |
| -0.030971 | 0.002143 | 0.247137 | 0.272495 | -0.105022 | 0.302660 | -0.005608 | 0.032030 | -0.344017 | -0.393906 | -0.134716 | 0.504382 | -0.405630 | 0.310801 | -0.119062 | -0.382821 | -0.113268 | -0.185023 | 0.210013 | -0.257292 | 0.536179 | 1.000000 | -0.278716 | -0.064471 | 0.322641 | 0.193218 | -0.387839 | 0.358360 | -0.238016 | 0.050423 |
| -0.013940 | -0.038107 | 0.110552 | 0.133721 | -0.068068 | 0.134938 | 0.140506 | 0.049678 | -0.001511 | 0.224600 | -0.181160 | -0.123481 | -0.266423 | -0.176267 | 0.185796 | 0.188949 | 0.407659 | 0.443695 | 0.194004 | 0.452091 | 0.195044 | 0.219002 | 1.000000 | 0.579205 | 0.242652 | -0.213875 | 0.192117 | -0.323137 | -0.358411 | 0.200794 |
| 0.047203 | 0.016666 | 0.011490 | -0.043551 | -0.004880 | 0.159423 | 0.037903 | -0.128550 | -0.417487 | -0.198622 | 0.020667 | 0.184002 | 0.421820 | -0.260042 | -0.023295 | -0.247682 | 0.157911 | 0.166874 | -0.628877 | 0.004090 | 0.020248 | -0.165648 | -0.246195 | 1.000000 | -0.019369 | -0.167318 | 0.221190 | 0.039291 | -0.142699 | -0.514768 |
| -0.037266 | 0.011793 | -0.027267 | 0.077278 | 0.141029 | -0.028156 | -0.063947 | 0.077752 | -0.382872 | -0.269473 | 0.015227 | 0.131257 | -0.254955 | -0.377068 | -0.484523 | -0.358398 | -0.118877 | 0.282362 | 0.347080 | -0.033750 | -0.325717 | 0.341082 | 0.093113 | -0.166158 | 1.000000 | 0.007787 | -0.001054 | 0.088044 | -0.157096 | 0.136128 |
| -0.002718 | -0.049801 | -0.059098 | -0.153057 | 0.092994 | 0.071043 | 0.258636 | -0.084350 | 0.137340 | 0.129215 | -0.011062 | -0.030660 | 0.345939 | -0.170385 | 0.156901 | -0.102323 | 0.070688 | 0.219972 | 0.094409 | 0.521869 | -0.165571 | 0.261542 | -0.065660 | -0.355244 | -0.155414 | 1.000000 | -0.020491 | -0.167538 | 0.185239 | 0.037032 |
| 0.041629 | 0.108557 | 0.166428 | -0.156869 | -0.066858 | -0.036369 | -0.220753 | -0.187484 | -0.009885 | 0.053636 | -0.072884 | 0.266910 | 0.069703 | 0.134328 | 0.104280 | 0.135947 | 0.049732 | 0.509464 | -0.351312 | -0.178184 | -0.193808 | 0.105317 | 0.081403 | -0.149563 | 0.168756 | -0.102395 | 1.000000 | -0.094132 | -0.235772 | -0.063481 |
| -0.046167 | -0.019504 | -0.139712 | 0.015671 | 0.145104 | -0.151004 | 0.210135 | -0.111487 | -0.407288 | 0.227696 | 0.038949 | 0.088550 | -0.022196 | -0.349529 | 0.005480 | -0.045058 | 0.042991 | -0.044992 | 0.560102 | 0.215398 | 0.245447 | -0.191838 | 0.353795 | 0.424652 | -0.120805 | 0.249443 | 0.409181 | 1.000000 | 0.277997 | -0.304485 |
| -0.018770 | -0.037194 | 0.084230 | 0.022667 | 0.052054 | -0.035534 | -0.144083 | -0.047921 | -0.149171 | -0.190902 | -0.056068 | -0.050156 | -0.163231 | -0.268852 | 0.204379 | 0.406283 | 0.400448 | 0.215483 | -0.259932 | 0.044430 | 0.460284 | -0.151676 | -0.023082 | 0.480887 | 0.050981 | -0.001385 | 0.124901 | 0.085139 | 1.000000 | 0.247837 |
| 0.092167 | -0.077732 | 0.058981 | 0.078894 | -0.135651 | -0.126874 | -0.012826 | 0.286156 | 0.258392 | -0.087342 | -0.112085 | -0.227542 | -0.156826 | 0.029296 | 0.143380 | -0.130652 | -0.203717 | -0.250315 | 0.015703 | 0.209175 | 0.151713 | -0.305643 | -0.169637 | 0.226301 | 0.347547 | 0.455033 | -0.045574 | -0.038434 | 0.000886 | 1.000000 |
