This is the correlation coefficient matrix for subject 13

| 1.000000 | -0.654057 | 0.909700 | -0.323408 | 0.463035 | 0.808691 | 0.220299 | 0.761448 | 0.529702 | 0.572370 | -0.483890 | 0.350710 | 0.250226 | -0.319213 | 0.357253 | 0.177434 | -0.134145 | -0.402729 | 0.286618 | 0.005807 | 0.031029 | 0.117181 | 0.036828 | 0.016719 | -0.129259 | -0.206847 | -0.158795 | 0.167556 | 0.177452 | 0.076433 |
| 0.665044 | 1.000000 | -0.727508 | -0.047255 | -0.783509 | -0.461200 | 0.522681 | -0.636590 | 0.494986 | 0.725574 | -0.481860 | 0.157561 | 0.145956 | -0.137628 | -0.513166 | -0.239497 | 0.213063 | 0.285583 | -0.221860 | -0.053875 | -0.031946 | 0.093620 | -0.204325 | -0.162987 | -0.020824 | 0.065666 | 0.056807 | -0.183757 | 0.322063 | -0.216191 |
| 0.342355 | 0.849067 | 1.000000 | -0.881228 | 0.719554 | 0.890413 | 0.652385 | 0.739853 | -0.679068 | 0.679869 | 0.381919 | 0.476832 | 0.493080 | -0.589873 | -0.483955 | 0.429584 | -0.161206 | -0.455474 | -0.252798 | -0.056556 | 0.123360 | -0.128734 | 0.029059 | 0.160695 | 0.022712 | 0.201578 | 0.125202 | -0.041396 | -0.176497 | 0.078713 |
| 0.773857 | -0.688073 | -0.837680 | 1.000000 | -0.751966 | -0.696547 | 0.220207 | 0.874426 | 0.843570 | 0.570971 | 0.485182 | -0.227424 | -0.388381 | -0.245343 | 0.457628 | -0.263169 | -0.067108 | -0.429582 | -0.349748 | -0.065638 | -0.224109 | 0.055177 | -0.040546 | -0.132144 | 0.075761 | 0.010769 | 0.167997 | -0.020292 | 0.262196 | -0.054113 |
| 0.541078 | 0.546331 | -0.901771 | 0.611540 | 1.000000 | 0.594597 | 0.869854 | 0.799597 | 0.814751 | 0.492039 | 0.615860 | -0.602980 | -0.578005 | 0.226644 | -0.542658 | 0.123251 | 0.196973 | -0.555284 | -0.267058 | -0.084666 | -0.329252 | -0.303041 | 0.128494 | -0.301134 | 0.016827 | -0.050652 | 0.090658 | -0.104750 | 0.079671 | 0.015148 |
| -0.827470 | -0.894757 | 0.353579 | -0.789768 | -0.824804 | 1.000000 | -0.398436 | 0.054517 | 0.588939 | 0.759606 | 0.769448 | 0.517986 | -0.549254 | 0.647967 | -0.432852 | 0.595742 | 0.280106 | 0.524907 | -0.299360 | -0.071915 | -0.183914 | 0.157261 | -0.151976 | -0.270390 | 0.125645 | 0.032521 | -0.298657 | -0.038373 | 0.022363 | -0.189512 |
| 0.593203 | -0.352429 | 0.074654 | 0.352502 | 0.478303 | -0.790195 | 1.000000 | -0.687367 | 0.288018 | -0.629459 | -0.357342 | -0.732427 | -0.561971 | -0.704945 | -0.624176 | 0.705113 | -0.528466 | -0.653192 | -0.355566 | 0.308911 | 0.239366 | 0.373867 | 0.353402 | -0.417006 | -0.159022 | -0.289659 | -0.299679 | -0.277670 | -0.135883 | -0.239355 |
| 0.337301 | -0.552937 | 0.547175 | 0.834521 | 0.339742 | 0.799564 | -0.700444 | 1.000000 | -0.622431 | -0.723944 | 0.733990 | 0.555983 | 0.467561 | -0.233546 | 0.483193 | -0.565224 | 0.416665 | -0.367761 | 0.449052 | 0.216744 | -0.067637 | -0.125814 | 0.129504 | -0.338640 | -0.060216 | 0.129456 | -0.126110 | 0.166775 | -0.034748 | 0.113428 |
| 0.797476 | 0.721674 | 0.898308 | 0.894207 | 0.571264 | 0.275990 | -0.278093 | 0.289532 | 1.000000 | -0.654343 | 0.765769 | 0.509733 | 0.661454 | -0.620179 | 0.522226 | 0.204740 | -0.368434 | -0.195848 | 0.341025 | -0.228344 | -0.245792 | 0.146348 | 0.263643 | -0.310648 | 0.064281 | -0.026751 | -0.018514 | -0.057469 | -0.175465 | -0.022173 |
| 0.457271 | 0.687668 | -0.490384 | -0.623826 | -0.522396 | -0.787084 | -0.766081 | -0.652466 | 0.629286 | 1.000000 | 0.395740 | 0.775004 | 0.670115 | -0.135080 | -0.832928 | 0.232746 | 0.456054 | -0.554670 | 0.679264 | 0.464438 | 0.606543 | 0.294377 | -0.444318 | 0.639239 | 0.506740 | -0.383170 | -0.397630 | -0.240563 | -0.045734 | 0.378263 |
| -0.541945 | 0.744176 | -0.633777 | 0.641703 | -0.707420 | 0.252909 | -0.550034 | 0.526637 | -0.749830 | -0.842602 | 1.000000 | 0.831533 | -0.547909 | 0.474627 | -0.037296 | 0.789949 | 0.715848 | -0.689784 | -0.291139 | 0.283711 | 0.617477 | 0.513734 | -0.569105 | -0.683432 | 0.423998 | -0.458140 | 0.221573 | 0.514273 | 0.236503 | 0.224302 |
| 0.392551 | -0.313152 | 0.269744 | 0.370086 | 0.562073 | 0.660750 | -0.320046 | 0.424571 | 0.558583 | 0.755304 | -0.730901 | 1.000000 | -0.092033 | -0.761402 | -0.622488 | -0.847624 | 0.794587 | 0.610246 | 0.761787 | 0.455214 | 0.706989 | 0.736419 | 0.644942 | -0.736691 | -0.622078 | 0.677784 | 0.599622 | 0.439378 | 0.494898 | -0.621310 |
| -0.370305 | 0.328786 | -0.494053 | 0.501871 | -0.384337 | -0.577073 | 0.592757 | 0.450011 | -0.537812 | 0.243901 | 0.466624 | 0.688338 | 1.000000 | -0.435781 | -0.549266 | -0.650820 | -0.606052 | -0.767779 | -0.140815 | 0.318644 | -0.415914 | 0.396969 | -0.573667 | -0.462773 | -0.137940 | -0.259108 | -0.198750 | -0.309540 | 0.106761 | -0.253317 |
| 0.266910 | -0.583945 | 0.436718 | -0.426051 | 0.574361 | 0.211276 | 0.455819 | 0.227764 | 0.586994 | -0.720084 | 0.805233 | -0.790469 | -0.541106 | 1.000000 | -0.520168 | 0.687589 | 0.596804 | -0.617825 | 0.820952 | -0.357942 | -0.524132 | -0.567606 | -0.636269 | 0.254297 | -0.576558 | 0.547067 | -0.581839 | -0.571742 | 0.171285 | 0.353773 |
| 0.241081 | 0.428018 | -0.110639 | 0.337786 | -0.537605 | -0.589122 | 0.589739 | -0.473320 | 0.453105 | 0.748421 | 0.461817 | 0.719719 | 0.534203 | 0.611288 | 1.000000 | -0.563373 | 0.680694 | -0.572156 | -0.809347 | 0.559420 | 0.598593 | -0.622796 | 0.349231 | 0.098841 | -0.761429 | -0.484032 | -0.674813 | 0.667517 | 0.454040 | 0.170396 |
| 0.220409 | -0.370073 | 0.397216 | -0.210152 | 0.443690 | -0.492818 | -0.550884 | 0.498756 | -0.416300 | 0.778875 | 0.745587 | 0.749928 | 0.676926 | 0.760331 | -0.139909 | 1.000000 | 0.786376 | -0.643792 | -0.652031 | 0.484690 | 0.756161 | 0.564858 | -0.752101 | 0.845607 | 0.500258 | 0.682777 | 0.725004 | -0.644865 | 0.534162 | -0.732623 |
| 0.115593 | -0.043245 | 0.239506 | -0.186601 | -0.392401 | -0.214852 | -0.627039 | -0.363872 | 0.392296 | -0.581650 | -0.105700 | -0.783520 | 0.588565 | 0.580269 | 0.638956 | -0.796202 | 1.000000 | 0.698013 | 0.582261 | 0.441101 | -0.841840 | -0.820567 | -0.429128 | -0.334508 | -0.570925 | 0.456899 | 0.572380 | 0.087866 | 0.440421 | -0.456969 |
| 0.049681 | -0.333721 | -0.450690 | -0.132981 | -0.521772 | -0.148388 | -0.655963 | -0.562620 | 0.620744 | -0.614447 | -0.493985 | 0.683395 | -0.056056 | -0.654118 | 0.337939 | -0.379257 | -0.318152 | 1.000000 | 0.447859 | 0.329264 | 0.291841 | 0.457812 | 0.461588 | -0.658213 | 0.233118 | 0.209314 | 0.159031 | -0.278142 | 0.112970 | 0.025226 |
| -0.210623 | 0.304324 | -0.344828 | 0.220419 | -0.328581 | 0.441835 | -0.003164 | -0.355405 | 0.351099 | 0.671935 | 0.691358 | -0.787651 | 0.333411 | -0.679278 | 0.861490 | -0.813412 | 0.597688 | 0.524686 | 1.000000 | 0.149044 | 0.628576 | 0.660444 | 0.724011 | -0.692929 | -0.808158 | -0.763924 | 0.760421 | -0.748471 | -0.655693 | -0.764450 |
| -0.133457 | 0.124647 | 0.008481 | 0.100593 | 0.027031 | 0.226127 | 0.234713 | -0.043937 | -0.124973 | 0.195730 | 0.287833 | -0.160046 | -0.337224 | 0.164633 | -0.546899 | -0.460752 | -0.301914 | 0.368233 | 0.099020 | 1.000000 | 0.156134 | 0.159511 | -0.445869 | 0.537133 | 0.551838 | -0.319315 | 0.066225 | -0.508523 | 0.049061 | 0.458174 |
| 0.002724 | -0.115188 | 0.159363 | 0.137087 | -0.086933 | -0.311569 | 0.416563 | -0.212437 | 0.270212 | -0.611551 | 0.652199 | 0.363736 | 0.546618 | -0.542257 | -0.764898 | 0.793748 | 0.842953 | -0.499216 | -0.560072 | 0.502096 | 1.000000 | -0.841429 | 0.022647 | -0.822175 | -0.718449 | -0.634890 | 0.573062 | -0.746325 | -0.491308 | -0.674353 |
| 0.054109 | 0.062675 | 0.033362 | 0.065384 | -0.250081 | 0.097018 | 0.157724 | -0.189894 | -0.055619 | 0.376427 | -0.465162 | 0.313280 | 0.399805 | -0.510126 | -0.522341 | -0.626989 | 0.788704 | -0.459519 | -0.653790 | 0.382211 | -0.668930 | 1.000000 | -0.665863 | 0.130999 | 0.623710 | -0.721196 | -0.217159 | 0.563258 | 0.518349 | -0.790571 |
| -0.004240 | -0.125588 | 0.008045 | -0.046660 | 0.217816 | 0.210209 | -0.437031 | -0.207968 | -0.334662 | 0.081900 | -0.235179 | -0.441060 | -0.531273 | 0.095618 | -0.189505 | -0.651291 | -0.043499 | 0.592173 | -0.459257 | 0.408445 | -0.392444 | -0.786959 | 1.000000 | -0.071967 | 0.188120 | 0.710834 | -0.121496 | -0.774012 | 0.611911 | 0.600738 |
| 0.112509 | 0.152005 | 0.156818 | 0.205382 | -0.328015 | 0.183166 | -0.109130 | 0.327124 | -0.332651 | 0.610307 | 0.642061 | 0.746864 | -0.646791 | 0.667522 | 0.757305 | 0.561697 | -0.839661 | 0.643559 | -0.530164 | -0.395888 | -0.023050 | 0.777481 | -0.783132 | 1.000000 | 0.316915 | -0.357810 | -0.063613 | -0.810975 | 0.462413 | -0.678596 |
| 0.128586 | -0.117954 | -0.089642 | -0.045219 | -0.161730 | 0.226066 | 0.254354 | 0.158186 | 0.120391 | -0.156794 | -0.459361 | 0.647097 | 0.172125 | -0.429967 | -0.805317 | -0.735647 | -0.612438 | -0.277509 | 0.779057 | -0.506074 | 0.744384 | 0.700800 | 0.633275 | -0.772024 | 1.000000 | -0.803851 | 0.842811 | 0.483816 | 0.739549 | 0.762623 |
| 0.055777 | -0.038609 | 0.114150 | -0.156084 | -0.116747 | 0.061153 | 0.308958 | -0.131852 | 0.001998 | -0.341661 | 0.266344 | -0.652136 | -0.105489 | 0.578800 | -0.492685 | -0.610860 | -0.584209 | 0.215703 | 0.701435 | 0.434438 | 0.072100 | -0.584737 | -0.548430 | -0.797477 | -0.463404 | 1.000000 | -0.612980 | 0.255637 | 0.844420 | -0.673105 |
| -0.104673 | 0.085673 | -0.009383 | 0.129138 | -0.044301 | -0.151778 | 0.276252 | 0.077600 | -0.088581 | 0.127907 | 0.412972 | 0.480321 | -0.269626 | 0.527686 | -0.205024 | -0.623184 | 0.651490 | -0.307544 | 0.416068 | 0.068942 | 0.555141 | -0.717525 | -0.401624 | 0.230362 | 0.713013 | 0.888298 | 1.000000 | -0.797381 | 0.802973 | -0.582875 |
| 0.164916 | -0.009502 | 0.026310 | -0.003776 | -0.235957 | 0.048665 | -0.337130 | 0.209224 | 0.158184 | -0.510874 | -0.493440 | 0.614476 | -0.465592 | -0.520266 | -0.687644 | -0.307619 | -0.652996 | -0.479330 | -0.291954 | -0.514742 | 0.523675 | -0.698733 | -0.562932 | -0.872993 | 0.128731 | -0.656913 | 0.778718 | 1.000000 | 0.483106 | -0.845272 |
| -0.149984 | 0.078898 | 0.153717 | 0.106047 | -0.101255 | -0.037567 | -0.214205 | -0.007595 | 0.152878 | -0.290874 | 0.112601 | 0.399228 | 0.141688 | -0.485813 | 0.459532 | 0.114919 | -0.448281 | 0.091690 | -0.661861 | 0.317802 | -0.533128 | 0.618082 | -0.580121 | 0.386087 | -0.205345 | 0.767958 | -0.195367 | -0.713136 | 1.000000 | 0.859684 |
| -0.001039 | -0.076850 | -0.052863 | -0.018219 | -0.102620 | -0.040441 | 0.322849 | -0.097846 | 0.000609 | 0.020308 | 0.481517 | -0.274560 | -0.113466 | 0.452660 | 0.700874 | 0.677143 | -0.444500 | 0.188074 | 0.724584 | -0.316204 | 0.733182 | 0.372412 | 0.551940 | -0.733922 | 0.028232 | 0.878222 | 0.651420 | -0.765436 | -0.476869 | 1.000000 |
