This is the correlation coefficient matrix for subject 2

| 1.000000 | -0.586942 | -0.348796 | -0.828321 | -0.723100 | 0.073626 | 0.165214 | -0.466416 | -0.293835 | 0.416638 | -0.176903 | -0.053236 | 0.085051 | -0.370885 | 0.039667 | 0.326716 | -0.141272 | -0.003233 | -0.131568 | -0.310125 | 0.238635 | 0.134557 | -0.188793 | 0.278508 | -0.119373 | -0.206767 | -0.226605 | -0.212648 | -0.112375 | -0.254785 |
| 0.627566 | 1.000000 | -0.621300 | -0.416968 | 0.093323 | 0.386203 | 0.140561 | 0.311041 | 0.071800 | 0.434378 | -0.560691 | 0.229760 | 0.104329 | -0.302681 | -0.280001 | -0.576891 | 0.342582 | -0.090804 | 0.379823 | 0.085524 | 0.288948 | -0.374487 | -0.181721 | 0.256733 | -0.128530 | 0.148510 | 0.012041 | -0.083268 | 0.105183 | -0.047848 |
| 0.349602 | 0.481778 | 1.000000 | -0.034556 | -0.725007 | -0.173469 | 0.246521 | -0.300109 | -0.196909 | 0.509336 | -0.354691 | -0.112258 | 0.162866 | -0.487835 | 0.248658 | -0.018226 | -0.301890 | 0.014334 | -0.257716 | -0.083626 | -0.120448 | 0.223541 | 0.257827 | -0.285614 | 0.006167 | 0.341140 | -0.100333 | -0.061141 | -0.190915 | 0.156933 |
| 0.753779 | -0.612652 | -0.728367 | 1.000000 | 0.680999 | 0.357139 | 0.166159 | -0.368634 | 0.210284 | -0.194505 | 0.413267 | -0.031085 | 0.163425 | 0.458641 | -0.271839 | -0.324254 | -0.071641 | -0.095503 | 0.305482 | 0.160060 | 0.182326 | -0.310052 | -0.334723 | 0.308489 | -0.034647 | 0.306704 | -0.173189 | -0.080167 | 0.135530 | -0.112799 |
| 0.682387 | -0.719148 | 0.324539 | 0.575263 | 1.000000 | 0.421024 | -0.373367 | -0.444173 | -0.086479 | 0.321826 | -0.354932 | 0.213479 | 0.095624 | -0.509656 | -0.068787 | -0.342881 | -0.397385 | -0.062747 | -0.280575 | 0.249350 | -0.399748 | 0.304893 | -0.241663 | 0.089740 | 0.006287 | -0.079509 | -0.029654 | -0.078899 | -0.080523 | -0.004055 |
| -0.417893 | 0.465831 | -0.253280 | 0.246405 | -0.433448 | 1.000000 | -0.454501 | 0.168955 | 0.081258 | -0.347037 | -0.613777 | 0.614572 | 0.016806 | -0.379717 | 0.269617 | -0.089992 | 0.158103 | 0.193398 | -0.366821 | 0.093758 | -0.668271 | -0.298352 | -0.092537 | -0.021624 | -0.090374 | -0.114656 | -0.012226 | -0.117668 | -0.210972 | 0.300440 |
| 0.106000 | 0.106986 | 0.232374 | -0.231146 | -0.190781 | 0.384129 | 1.000000 | -0.152236 | -0.062998 | -0.073803 | 0.466135 | 0.570889 | -0.044344 | -0.042195 | -0.303380 | 0.405371 | 0.182363 | -0.184394 | 0.266340 | -0.158580 | -0.500119 | -0.515129 | -0.031927 | -0.058641 | -0.114102 | 0.118144 | -0.231348 | -0.077757 | 0.122425 | -0.267949 |
| 0.760617 | -0.113444 | 0.673692 | -0.626220 | 0.579812 | -0.195948 | 0.216255 | 1.000000 | 0.228179 | 0.317632 | -0.172260 | 0.119214 | 0.199762 | 0.153390 | 0.198512 | -0.128561 | -0.190203 | -0.032886 | 0.243193 | -0.237298 | -0.167485 | 0.049846 | -0.278136 | 0.187045 | -0.047231 | -0.362813 | 0.028609 | -0.062873 | -0.150925 | 0.234541 |
| -0.021299 | 0.069267 | 0.158478 | -0.012500 | 0.087689 | 0.060010 | 0.081203 | 0.105181 | 1.000000 | -0.068505 | 0.358483 | 0.319164 | 0.071085 | -0.149164 | 0.264060 | 0.097828 | -0.165253 | -0.326707 | 0.126900 | -0.068223 | 0.166623 | 0.191070 | 0.228796 | -0.146352 | -0.526103 | 0.322479 | -0.085745 | -0.026984 | -0.090571 | 0.122157 |
| -0.060473 | 0.229865 | -0.113640 | -0.232489 | -0.348913 | -0.233418 | -0.139751 | -0.157314 | -0.100333 | 1.000000 | 0.300394 | 0.036341 | 0.008526 | 0.033568 | 0.128209 | -0.214261 | -0.027207 | -0.016974 | -0.036113 | 0.082514 | 0.216582 | 0.157258 | 0.295393 | 0.226042 | 0.092338 | -0.188946 | -0.033864 | -0.150213 | -0.022901 | 0.093496 |
| 0.255855 | -0.560091 | -0.026271 | 0.373286 | -0.574566 | -0.577351 | 0.603784 | 0.325167 | -0.254221 | 0.384073 | 1.000000 | 0.485822 | -0.082535 | 0.487364 | 0.104982 | -0.385122 | 0.533244 | 0.015283 | -0.117542 | 0.120541 | -0.547627 | -0.672368 | -0.167522 | 0.041592 | -0.322570 | 0.068019 | -0.095989 | 0.185262 | 0.225186 | -0.171286 |
| 0.023261 | 0.264503 | -0.053002 | -0.040220 | 0.202935 | -0.322812 | 0.578063 | -0.181945 | 0.286199 | -0.012979 | -0.488318 | 1.000000 | -0.025441 | -0.001011 | 0.173422 | -0.520361 | 0.723145 | -0.165532 | -0.312948 | -0.040210 | 0.513364 | -0.641857 | 0.077086 | 0.137755 | -0.353195 | -0.404897 | -0.440615 | 0.178164 | -0.426476 | 0.017366 |
| 0.200812 | -0.084286 | -0.016932 | 0.178447 | 0.150537 | -0.070655 | 0.092473 | 0.028072 | -0.000421 | 0.088765 | -0.190316 | -0.006095 | 1.000000 | -0.141043 | -0.098117 | -0.052836 | 0.042140 | 0.013325 | 0.036723 | 0.040603 | -0.047309 | -0.038769 | 0.056691 | 0.012498 | -0.013028 | 0.047476 | 0.038519 | 0.041712 | 0.109088 | 0.002686 |
| -0.348334 | -0.268007 | -0.357429 | -0.320917 | -0.410294 | -0.394665 | 0.266029 | -0.494626 | 0.100448 | 0.091876 | 0.288018 | -0.077352 | -0.255028 | 1.000000 | -0.278634 | 0.229598 | -0.186549 | 0.267547 | -0.205671 | -0.138843 | -0.371631 | 0.012367 | -0.146315 | -0.037714 | -0.033062 | -0.141028 | 0.058867 | -0.108244 | 0.141426 | 0.054234 |
| 0.122704 | -0.080060 | 0.247809 | -0.201141 | -0.259845 | -0.373743 | 0.361455 | 0.177538 | -0.219863 | -0.162576 | -0.419996 | 0.310294 | -0.117187 | 0.274645 | 1.000000 | -0.008691 | -0.432120 | 0.028328 | -0.395630 | -0.103842 | 0.268595 | -0.267316 | 0.036499 | -0.013418 | 0.257997 | 0.129843 | 0.176685 | -0.057346 | 0.313964 | -0.237692 |
| 0.148870 | -0.483282 | -0.194694 | -0.105624 | -0.041598 | -0.783600 | 0.704636 | -0.153887 | 0.169163 | 0.231705 | -0.552445 | -0.677846 | 0.060013 | -0.092270 | -0.460689 | 1.000000 | -0.748458 | -0.152363 | -0.184546 | -0.166610 | -0.625757 | 0.038353 | -0.091480 | -0.046819 | 0.310305 | -0.242776 | 0.185531 | -0.048757 | 0.239162 | -0.294422 |
| 0.025150 | 0.419128 | 0.243575 | 0.323613 | 0.537904 | 0.454102 | -0.563966 | 0.149515 | 0.093887 | 0.207833 | 0.137686 | -0.446124 | -0.043062 | -0.225841 | 0.317098 | -0.539994 | 1.000000 | 0.218102 | 0.250728 | -0.155587 | -0.647246 | 0.647811 | 0.030351 | -0.045673 | -0.136324 | -0.022201 | -0.015938 | -0.137136 | 0.256637 | -0.111233 |
| 0.006726 | 0.186422 | 0.029747 | -0.025499 | -0.140810 | -0.171624 | 0.109235 | -0.041323 | 0.324565 | 0.025973 | -0.225101 | 0.284550 | 0.167154 | 0.242937 | -0.070203 | 0.269655 | 0.180054 | 1.000000 | -0.092939 | -0.022176 | 0.300448 | 0.318548 | 0.295672 | 0.090385 | 0.104086 | -0.138492 | 0.109631 | -0.224495 | -0.327618 | 0.080880 |
| -0.168812 | 0.045511 | -0.315831 | 0.303706 | 0.323435 | -0.101485 | -0.377143 | 0.083199 | 0.392030 | 0.027841 | -0.658052 | 0.295727 | -0.009104 | -0.617274 | -0.385311 | 0.041100 | -0.098681 | -0.303718 | 1.000000 | -0.146509 | -0.196695 | -0.422168 | -0.313935 | -0.031418 | -0.473499 | -0.059732 | 0.227952 | 0.227164 | 0.308995 | -0.033031 |
| 0.028957 | -0.121453 | -0.157170 | -0.197983 | -0.180560 | -0.087662 | 0.109632 | -0.007441 | -0.067401 | 0.056776 | 0.235575 | -0.013153 | -0.026141 | -0.124071 | -0.075440 | -0.095639 | -0.073333 | -0.097941 | -0.028045 | 1.000000 | 0.094514 | 0.101655 | 0.124060 | -0.148620 | 0.017662 | -0.094539 | -0.034404 | -0.052509 | 0.025872 | -0.021469 |
| -0.254019 | -0.472416 | -0.165149 | -0.238852 | 0.540534 | -0.642024 | -0.746409 | -0.113878 | 0.058873 | 0.062039 | -0.705156 | 0.036856 | 0.058353 | 0.050060 | -0.433452 | -0.668289 | -0.640021 | 0.174392 | -0.248437 | -0.157969 | 1.000000 | 0.680576 | 0.072713 | -0.046821 | -0.354861 | 0.276127 | -0.295317 | -0.128051 | -0.284963 | -0.315709 |
| 0.061067 | -0.124570 | 0.213694 | 0.140679 | -0.497039 | 0.640560 | 0.734816 | 0.114581 | -0.006100 | 0.175922 | -0.594864 | 0.279169 | 0.048502 | 0.320830 | 0.408664 | 0.183083 | -0.782144 | 0.171989 | 0.206477 | -0.162897 | -0.065233 | 1.000000 | 0.049292 | -0.038453 | -0.302492 | -0.121422 | -0.134103 | 0.154982 | -0.304597 | -0.246654 |
| -0.313276 | -0.023524 | -0.058019 | -0.043067 | 0.328520 | 0.027623 | -0.073014 | -0.153629 | -0.154528 | 0.153282 | 0.177126 | 0.094482 | -0.103234 | 0.010333 | -0.031464 | -0.026735 | 0.007530 | -0.253263 | 0.107629 | 0.001446 | -0.027073 | -0.044425 | 1.000000 | -0.170668 | -0.049873 | 0.341615 | 0.317219 | -0.044144 | 0.376911 | -0.031750 |
| 0.263677 | 0.012884 | 0.294278 | 0.013608 | 0.320491 | -0.070987 | -0.058101 | 0.199594 | 0.240625 | -0.064804 | -0.026529 | -0.013592 | -0.018045 | -0.117707 | -0.042972 | 0.026726 | -0.044798 | -0.156234 | -0.010993 | 0.060209 | 0.026869 | -0.018503 | 0.167172 | 1.000000 | -0.052935 | -0.472626 | -0.005264 | -0.115180 | 0.173632 | 0.367662 |
| 0.002603 | 0.150145 | -0.134778 | 0.059156 | 0.228952 | -0.221337 | 0.027066 | -0.071373 | -0.410513 | -0.129255 | 0.376223 | -0.312509 | 0.069376 | 0.407096 | 0.287724 | 0.198287 | -0.370642 | -0.323625 | -0.527297 | 0.077016 | -0.360411 | -0.302590 | -0.071690 | -0.089929 | 1.000000 | 0.220253 | 0.297410 | 0.283529 | -0.494186 | -0.056788 |
| 0.383045 | -0.102673 | -0.123531 | -0.260727 | -0.211857 | 0.089858 | -0.221912 | 0.319807 | -0.206487 | -0.009717 | -0.085371 | -0.385526 | 0.058936 | -0.184692 | -0.154469 | -0.019836 | -0.150683 | -0.148260 | -0.016192 | -0.022361 | -0.071113 | -0.098107 | 0.128410 | 0.154512 | -0.094188 | 1.000000 | -0.171679 | 0.109340 | -0.116601 | -0.470912 |
| 0.153716 | -0.173306 | -0.130506 | 0.027103 | -0.060427 | -0.245911 | -0.188604 | -0.084399 | 0.278487 | 0.033186 | -0.029021 | 0.422290 | -0.025290 | 0.028123 | -0.243679 | -0.320056 | -0.165895 | -0.297020 | 0.009920 | -0.033880 | -0.300906 | 0.051357 | -0.323133 | -0.147743 | -0.133942 | -0.021549 | 1.000000 | 0.055564 | -0.525466 | 0.496193 |
| 0.009933 | 0.105897 | 0.012606 | 0.043152 | 0.013733 | -0.114796 | 0.175400 | 0.061804 | -0.231081 | -0.071216 | 0.062461 | -0.050659 | -0.024882 | 0.118005 | -0.194416 | 0.209370 | -0.107486 | 0.257015 | -0.159689 | 0.015439 | -0.177738 | 0.052191 | 0.079996 | 0.204998 | -0.284943 | -0.303264 | -0.300193 | 1.000000 | -0.472182 | -0.040961 |
| 0.205422 | 0.005161 | -0.154254 | 0.075288 | 0.030879 | -0.276491 | 0.197013 | 0.023349 | -0.336054 | 0.163623 | -0.250584 | -0.321612 | 0.065523 | -0.200849 | -0.450496 | 0.109395 | 0.006741 | 0.256503 | 0.279020 | 0.043534 | 0.005129 | 0.244287 | 0.054230 | -0.270175 | -0.535453 | -0.305155 | -0.402794 | 0.604278 | 1.000000 | -0.460034 |
| 0.228132 | -0.010239 | -0.077353 | 0.108283 | -0.062634 | -0.064071 | 0.285438 | -0.045408 | -0.196650 | 0.025582 | -0.108228 | 0.166697 | 0.077901 | 0.055838 | -0.163826 | -0.141215 | 0.303333 | 0.128984 | 0.173495 | -0.042011 | 0.294551 | -0.409200 | 0.116603 | 0.118474 | 0.223595 | -0.468770 | -0.571941 | -0.132583 | -0.146726 | 1.000000 |
